0.2 0 0 0 0.01682403348157394 1.851555404088103e-33 
0.2 0 0 1 0.01905757187739917 3.507670073534318e-32 
0.2 0 0 2 0.018759510025511114 2.0943174530274143e-32 
0.2 0 0 3 0.018812163291034564 4.538443510823516e-32 
0.2 0 0 4 0.018797814660377735 2.4359722412316234e-32 
0.2 0 0 5 0.018777898535234074 1.5412385447578974e-32 
0.4 1 0 0 0.018814947562129744 6.114857381240562e-32 
0.4 1 0 1 0.019563115353957005 2.641741116749844e-31 
0.4 1 0 2 0.020440595333144147 9.257695097471587e-32 
0.4 1 0 3 0.02103946624116282 7.381860020338995e-32 
0.4 1 0 4 0.02108337160213354 3.4640125806867624e-31 
0.4 1 0 5 0.021022901693752098 3.6626579604390003e-31 
0.6 2 0 0 0.020901187188380257 7.991455521501695e-31 
0.6 2 0 1 0.03214465582251721 4.559329188986357e-30 
0.6 2 0 2 0.277764605964339 1.3977327580151084e-29 
0.6 2 0 3 0.1823001787659445 1.0992726640076244e-29 
0.6 2 0 4 0.18420474116749241 1.075992985804844e-29 
0.6 2 0 5 0.16595412005708662 2.9136214496543554e-29 
0.8 3 0 0 0.0998749307597567 3.7099880649805095e-30 
0.8 3 0 1 0.08304704584169217 1.723052845157349e-28 
0.8 3 0 2 16.25881266923745 3.374599041115759e-27 
0.8 3 0 3 13.19376187763946 2.330141039627318e-27 
0.8 3 0 4 10.461568572613551 2.9864455793800005e-27 
0.8 3 0 5 3.5007699831301458 1.8373427521422617e-27 
1.0 4 0 0 1.814322171872855 7.975945160363217e-28 
1.0 4 0 1 68.05600263880594 4.236756933318842e-24 
1.0 4 0 2 37.3684611940252 8.37729530334424e-25 
1.0 4 0 3 117.77393030668756 2.430589658828406e-23 
1.0 4 0 4 170.58632468216135 3.7205473256366515e-21 
1.0 4 0 5 1048.717717829496 1.0481093881015334e-16 
1.2 5 0 0 543.0925177236425 6.196255891478165e-29 
1.2 5 0 1 507.2302958117735 2.0052782580959897e-28 
1.2 5 0 2 543.092531078209 1.5155281399339155e-27 
1.2 5 0 3 473.1841633615079 0.5235961046372637 
1.2 5 0 4 581.3930080581289 0.15372583194276218 
1.2 5 0 5 476.8462491529747 0.4794711781617143 
1.4 6 0 0 503.7067774221557 7.09235257600266e-29 
1.4 6 0 1 488.8402723763471 2.7665598465133766e-29 
1.4 6 0 2 527.00246229434 4.217940652603598e-29 
1.4 6 0 3 514.9605925410114 2.5054037460544677e-29 
1.4 6 0 4 533.6875555869455 1.5156298290349788e-29 
1.4 6 0 5 507.83013081037865 1.8905159445698436e-28 
1.6 7 0 0 518.4805611143084 5.724634166696621e-29 
1.6 7 0 1 452.31930957374243 1.9404129375690281e-29 
1.6 7 0 2 465.0880631897842 5.250624288784033e-29 
1.6 7 0 3 424.5689532137734 2.1816934410018608e-30 
1.6 7 0 4 437.18972904797 3.787764940225265e-29 
1.6 7 0 5 428.9048951279384 1.7964304149266384e-29 
1.8 8 0 0 438.59119405568265 2.6998456332398027e-29 
1.8 8 0 1 417.44361408453256 7.784608835213209e-30 
1.8 8 0 2 441.1479594823637 9.551842152182935e-30 
1.8 8 0 3 426.6015889296677 1.540743955509789e-31 
1.8 8 0 4 444.0952107509821 3.981205343839519e-29 
1.8 8 0 5 430.9369635239379 9.12428570452897e-29 
2.0 9 0 0 444.9475674240445 1.4513808060902207e-29 
2.0 9 0 1 419.505659182942 6.344783608789308e-30 
2.0 9 0 2 425.65747051822524 2.2433231992222523e-29 
2.0 9 0 3 419.50565910845444 1.598213705050304e-29 
2.0 9 0 4 432.6882080231748 3.878976982391444e-29 
2.0 9 0 5 419.23566629002875 3.743160402713256e-29 
2.2 10 0 0 424.4752955819387 2.565184611528247e-29 
2.2 10 0 1 411.7506869578131 8.35160261084081e-29 
2.2 10 0 2 421.77467843838525 8.193676355401056e-30 
2.2 10 0 3 412.37474068136686 3.112302790129773e-29 
2.2 10 0 4 428.67768737990747 6.541998835094563e-30 
2.2 10 0 5 414.87984532803915 1.4887438470113333e-30 
2.4 11 0 0 417.6727978402537 2.008436783204785e-29 
2.4 11 0 1 406.1172014521665 1.3729954573536604e-30 
2.4 11 0 2 421.6632165886658 6.249450076542141e-30 
2.4 11 0 3 411.33793097850355 1.1282675393203745e-29 
2.4 11 0 4 420.5450951953429 9.329204650611769e-31 
2.4 11 0 5 417.48747880398594 1.8540446092129823e-30 
2.6 12 0 0 418.9698542979305 2.981455109708104e-29 
2.6 12 0 1 416.2181420724766 0.21116585603226468 
2.6 12 0 2 419.5179402525003 0.19987415929737473 
2.6 12 0 3 418.81256695105634 0.19932687402954943 
2.6 12 0 4 421.37877839269134 0.19932687402954954 
2.6 12 0 5 409.49602752287086 0.1975988215144117 
2.8 13 0 0 414.44126402243506 2.30553073642596e-30 
2.8 13 0 1 405.6744377261756 0.021115228542361943 
2.8 13 0 2 409.2866566943062 nan 
2.8 13 0 3 nan nan 
2.8 13 0 4 nan nan 
2.8 13 0 5 nan nan 
3.0 14 0 0 nan nan 
3.0 14 0 1 nan nan 
3.0 14 0 2 nan nan 
3.0 14 0 3 nan nan 
3.0 14 0 4 nan nan 
3.0 14 0 5 nan nan 
3.2 15 0 0 nan nan 
3.2 15 0 1 nan nan 
3.2 15 0 2 nan nan 
3.2 15 0 3 nan nan 
3.2 15 0 4 nan nan 
3.2 15 0 5 nan nan 
