0.05 0 0 0 0.016809197626080238 1.243126754436046e-34 
0.05 0 0 1 0.017302055289579173 3.6415719936278554e-33 
0.05 0 0 2 0.01728958567215133 1.3034488968518977e-33 
0.05 0 0 3 0.017287064294209075 7.53294065218362e-34 
0.05 0 0 4 0.017287249331003816 1.6623851096438997e-33 
0.05 0 0 5 0.017287100615164735 9.630279598645455e-34 
0.10 1 0 0 0.01728652313111212 1.3610675192383782e-34 
0.10 1 0 1 0.017743820333749695 5.754560273997285e-34 
0.10 1 0 2 0.017743908549949335 9.281983951533545e-34 
0.10 1 0 3 0.01774258602656318 7.773866943756781e-34 
0.10 1 0 4 0.017742065761607716 4.695439634317663e-34 
0.10 1 0 5 0.01774294361625671 6.884434768131239e-34 
0.15 2 0 0 0.01774318236590913 4.336285122158306e-34 
0.15 2 0 1 0.0181744017077563 3.239397848110596e-34 
0.15 2 0 2 0.018180647471987655 4.754990196784405e-34 
0.15 2 0 3 0.018178886981981127 5.768764556283818e-34 
0.15 2 0 4 0.018178453406406715 6.588997953740205e-34 
0.15 2 0 5 0.0181784943487415 3.23283260349301e-34 
0.20 3 0 0 0.018179492749443964 7.042291205042232e-34 
0.20 3 0 1 0.018601526131599336 1.000199241479593e-33 
0.20 3 0 2 0.018596328837783276 4.451116326217671e-34 
0.20 3 0 3 0.018594569055145335 4.689292123156959e-34 
0.20 3 0 4 0.01859547742929943 5.0823415321326516e-34 
0.20 3 0 5 0.018595838570378796 4.283468454062874e-34 
0.25 4 0 0 0.018595961832047328 2.3879399402554505e-34 
0.25 4 0 1 0.018982796204691246 8.551870979296509e-34 
0.25 4 0 2 0.018994522593669644 6.373181739656154e-34 
0.25 4 0 3 0.01899176518639099 2.7208340071074365e-34 
0.25 4 0 4 0.018992316206826093 3.6310945880559837e-34 
0.25 4 0 5 0.018992524217862926 4.115361985573783e-34 
0.30 5 0 0 0.018993273053568432 1.583331116770327e-34 
0.30 5 0 1 0.01936976547304728 4.517637131096324e-34 
0.30 5 0 2 0.01937034398619572 2.0269805586128305e-34 
0.30 5 0 3 0.01937087513246755 5.678430254803492e-34 
0.30 5 0 4 0.01937144934729783 1.694498754350588e-34 
0.30 5 0 5 0.019370861572959124 3.376894738251255e-34 
0.35 6 0 0 0.01937153965082518 1.4251831595225856e-33 
0.35 6 0 1 0.01972553101503527 7.410856380301109e-34 
0.35 6 0 2 0.019732435436618356 5.0051510568962715e-34 
0.35 6 0 3 0.01973105556733775 5.34745397870639e-34 
0.35 6 0 4 0.019731347483926145 7.857303739408015e-34 
0.35 6 0 5 0.01973053886811033 3.5680856801701345e-34 
0.40 7 0 0 0.01973107438040594 9.837385166397033e-35 
0.40 7 0 1 0.02006781868397378 7.42223847169493e-34 
0.40 7 0 2 0.02007340955897919 5.045980314927523e-34 
0.40 7 0 3 0.020072728718967335 4.1004943927176555e-34 
0.40 7 0 4 0.020072753182814776 1.0681179928269604e-34 
0.40 7 0 5 0.02007259296740071 3.1995812877455503e-34 
0.45 8 0 0 0.02007335942036101 3.178634937900121e-34 
0.45 8 0 1 0.020395206792926463 5.641992225815404e-34 
0.45 8 0 2 0.020397802289303348 3.1884742436627212e-34 
0.45 8 0 3 0.02039739508804175 8.591784178253584e-34 
0.45 8 0 4 0.020397859340275354 3.7298573504835424e-34 
0.45 8 0 5 0.020397696482398538 5.897547452749054e-34 
0.50 9 0 0 0.02039844812738892 1.5152483713249513e-34 
0.50 9 0 1 0.020710611045343556 3.871660999278577e-34 
0.50 9 0 2 0.02070665009261784 3.234413573083315e-34 
0.50 9 0 3 0.020706502145268313 1.060519615710344e-33 
0.50 9 0 4 0.020705995974949952 2.997354015075884e-34 
0.50 9 0 5 0.020705706163971258 4.69799587535322e-34 
