-1 0 6.501884761416838 1.0126811102426405 0 0 
0 0.05 6.238711853105585 1.0161322033229339 2.2222540293722345e-08 
1 0.10 6.022990093468336 1.019425049380186 7.296325370047576e-09 
2 0.15 5.834650676091876 1.0221952368367981 3.581779259718817e-09 
3 0.20 5.666884628440169 1.025088591389668 2.295437870546866e-09 
4 0.25 5.517321455346988 1.028894100981585 1.6635923410027556e-08 
5 0.30 5.375001906015671 1.032365389749799 3.064897193324653e-10 
6 0.35 5.241322805090466 1.0362419270636867 3.995705780985108e-09 
7 0.40 5.114680855172285 1.0405491049396463 1.101218392437017e-08 
8 0.45 4.991012285656319 1.0446746287354218 3.755235385827163e-10 
9 0.50 4.872758871953712 1.0492557362464656 3.367076412706954e-09 
