-1 0 6.501884761416838 1.0126811102426405 0 0 
0 0.05 6.238711853105585 1.0161322033229339 2.2222540293722345e-08 
1 0.10 6.022990093468336 1.019425049380186 7.296325370047576e-09 
2 0.15 5.834650676091876 1.0221952368367981 3.581779259718817e-09 
3 0.20 5.666884628440169 1.025088591389668 2.295437870546866e-09 
4 0.25 5.517321455346988 1.028894100981585 1.6635923410027556e-08 
5 0.30 5.375001906015671 1.032365389749799 3.064897193324653e-10 
6 0.35 5.241322805090466 1.0362419270636867 3.995705780985108e-09 
7 0.40 5.114680855172285 1.0405491049396463 1.101218392437017e-08 
8 0.45 4.991012285656319 1.0446746287354218 3.755235385827163e-10 
9 0.50 4.872758871953712 1.0492557362464656 3.367076412706954e-09 
10 0.55 4.757417544380485 1.0538585573677939 8.995613275793395e-11 
11 0.60 4.646074500322502 1.0587833758646832 2.2010628430822743e-10 
12 0.65 4.536492131208711 1.0635658782522746 4.1095457157984954e-09 
13 0.70 4.432561879623738 1.0691528034941742 4.058211730132333e-10 
14 0.75 4.331808956027252 1.0750136304315172 5.836426337926288e-11 
15 0.80 4.234695170342273 1.0812982267944138 2.9096887256351824e-10 
16 0.85 4.140237318688472 1.0877905927774727 1.299230027461776e-10 
17 0.90 4.050645539821274 1.0951099555488757 2.989426672182345e-09 
18 0.95 3.963275681259268 1.1025957231767645 2.0710889478695776e-10 
19 1.00 nan nan 2.107220926468189e-10 
