-1 0 6.501884761416838 1.0126811102426405 0 0 
0 0.2 5.724162545069118 1.0354496526648935 6.0257135314659e-06 
1 0.4 5.252911459972642 1.068671237321537 1.212772113884335e-05 
2 0.6 21.728248654626984 4.951601284175773 0.3170412246206976 
3 0.8 509.8934506877532 130.19753769860824 255.15274134688121 
4 1.0 20336266.186727434 5822040.777402311 445877340602.9752 
5 1.2 17231680.382411882 5533549.944097568 86858671148.62596 
6 1.4 17231713.90783585 6208477.310331639 0.0004385704625965426 
7 1.6 17231714.123165287 6966613.00242598 9.587379924285255e-05 
8 1.8 16992109.33490209 7709129.624627474 1042706616.5147947 
9 2.0 16454455.073290372 8377637.618715609 13458332946.661072 
