0.001 0 0 0 0.016808208964670137 4.3791328809000384e-38 
0.001 0 0 1 0.01681766992932161 3.887066568634646e-37 
0.001 0 0 2 0.016817664667689823 5.4882015678176345e-37 
0.001 0 0 3 0.01681766491873792 1.3000179155373864e-36 
0.001 0 0 4 0.016817664904758778 2.429878365790433e-37 
0.001 0 0 5 0.016817662374989783 2.4135669314350163e-37 
0.002 1 0 0 0.016817662209293385 7.254608912625737e-38 
0.002 1 0 1 0.016827112066502833 8.632886443351694e-37 
0.002 1 0 2 0.016827108352053456 3.4025363584663933e-37 
0.002 1 0 3 0.01682710797456661 4.2798996490475835e-37 
0.002 1 0 4 0.01682710786045694 2.6276641766587353e-37 
0.002 1 0 5 0.016827106384757786 4.691799250458157e-37 
0.003 2 0 0 0.016827107877674524 1.4345546319859693e-37 
0.003 2 0 1 0.016836551909915794 7.586689235914653e-37 
0.003 2 0 2 0.016836546333579627 4.710989008567987e-37 
0.003 2 0 3 0.016836545252735275 5.91187077641552e-37 
0.003 2 0 4 0.016836544190250102 5.7234395590527114e-37 
0.003 2 0 5 0.0168365432442785 7.150109619580899e-37 
0.004 3 0 0 0.01683654831387913 3.3654711254813964e-37 
0.004 3 0 1 0.01684597676935357 7.222160216868279e-37 
0.004 3 0 2 0.016845979550682226 8.485470230608871e-37 
0.004 3 0 3 0.01684598008197762 3.097663717211005e-37 
0.004 3 0 4 0.016845978982532327 2.367816073747226e-37 
0.004 3 0 5 0.01684597790785723 4.020832652594213e-37 
0.005 4 0 0 0.01684597774588665 3.881278455486036e-37 
0.005 4 0 1 0.016855393468449865 7.891948965493036e-37 
0.005 4 0 2 0.016855398780105803 5.912023999507633e-37 
0.005 4 0 3 0.01685539836334817 3.990928653560851e-37 
0.005 4 0 4 0.016855402457713508 3.019794426874625e-37 
0.005 4 0 5 0.016855399176736705 2.4078492052508295e-37 
0.006 5 0 0 0.01685540022477031 3.8144404916173154e-38 
0.006 5 0 1 0.016864812705343034 1.0170703413310297e-36 
0.006 5 0 2 0.016864814317114667 3.551700707855404e-37 
0.006 5 0 3 0.016864813750000106 4.497821094422529e-37 
0.006 5 0 4 0.016864814831156788 7.510036183363444e-37 
0.006 5 0 5 0.016864813426497826 3.36127193169045e-37 
0.007 6 0 0 0.016864813512792707 5.368533183889644e-37 
0.007 6 0 1 0.016874218571860295 3.408560615441922e-37 
0.007 6 0 2 0.016874221302341036 2.786336407619086e-37 
0.007 6 0 3 0.016874219996668337 2.8265222441038535e-37 
0.007 6 0 4 0.016874220119342188 4.024545538499638e-37 
0.007 6 0 5 0.016874218851506907 3.2644766572504193e-37 
0.008 7 0 0 0.016874217654219478 4.3849599425039877e-38 
0.008 7 0 1 0.016883613165041302 7.283745462947974e-37 
0.008 7 0 2 0.01688361557301634 5.504849811302968e-37 
0.008 7 0 3 0.01688361650232579 6.139771067727058e-37 
0.008 7 0 4 0.01688361566083361 2.074116830423823e-37 
0.008 7 0 5 0.01688361568750912 2.6590042446870876e-37 
0.009 8 0 0 0.01688361443360186 7.193060279562174e-38 
0.009 8 0 1 0.016893001403784972 6.977024201753448e-37 
0.009 8 0 2 0.016893003612011293 1.0824349943699852e-36 
0.009 8 0 3 0.01689300364143069 6.8365947094301815e-37 
0.009 8 0 4 0.016893003437150833 5.040439634083081e-37 
0.009 8 0 5 0.016893004390585397 8.760265154257368e-37 
0.010 9 0 0 0.016893004409033123 1.122531983170506e-37 
0.010 9 0 1 0.016902382235704845 4.160277114697034e-37 
0.010 9 0 2 0.01690238552517467 4.537645383820039e-37 
0.010 9 0 3 0.016902387759798146 5.193851863828832e-37 
0.010 9 0 4 0.016902389812955217 4.411957720482573e-37 
0.010 9 0 5 0.016902386384367616 2.096020679986704e-37 
0.011 10 0 0 0.016902386219302245 1.3786503472686843e-37 
0.011 10 0 1 0.016911758105021383 5.723207336199634e-37 
0.011 10 0 2 0.016911759231738238 4.783967169854748e-37 
0.011 10 0 3 0.01691175679728902 5.331798677305001e-37 
0.011 10 0 4 0.01691175979918358 4.07027508839741e-37 
0.011 10 0 5 0.016911757642484017 4.1160686107106835e-37 
0.012 11 0 0 0.016911759287643793 3.5853638982229845e-37 
0.012 11 0 1 0.016921126912165033 8.533414129029996e-37 
0.012 11 0 2 0.0169211251687554 3.8579829558161365e-37 
0.012 11 0 3 0.016921122331333915 3.680274475657113e-37 
0.012 11 0 4 0.016921125578820063 3.17196463056058e-37 
0.012 11 0 5 0.016921125572548712 3.56607290495972e-37 
0.013 12 0 0 0.016921127033987765 1.0136046351787942e-37 
0.013 12 0 1 0.016930486991416357 6.230695402757352e-37 
0.013 12 0 2 0.016930484550761946 5.232444994509828e-37 
0.013 12 0 3 0.016930484360664275 4.2695544739285105e-37 
0.013 12 0 4 0.016930483266137553 1.9425603503427353e-37 
0.013 12 0 5 0.01693048434196874 4.565296312048762e-37 
0.014 13 0 0 0.016930484188935575 3.4563437163610137e-37 
0.014 13 0 1 0.01693983827358226 5.79728119916e-37 
0.014 13 0 2 0.016939831987922704 2.2008776576086197e-37 
0.014 13 0 3 0.01693983230439731 3.866399809061997e-37 
0.014 13 0 4 0.016939834188086242 3.065678743639723e-37 
0.014 13 0 5 0.01693983392153801 2.191900622164472e-37 
0.015 14 0 0 0.01693983558792918 4.234384657756514e-38 
0.015 14 0 1 0.01694917038759178 7.637478184797089e-37 
0.015 14 0 2 0.01694917626858021 4.4786602107363895e-37 
0.015 14 0 3 0.016949176054300377 1.0168093616767771e-36 
0.015 14 0 4 0.01694917739118346 5.727584763686944e-37 
0.015 14 0 5 0.01694917632311887 1.8319022596030238e-37 
0.016 15 0 0 0.01694917719208085 4.864549860227289e-38 
0.016 15 0 1 0.01695850939279713 8.77984185410442e-37 
0.016 15 0 2 0.01695851037923485 4.735386767926725e-37 
0.016 15 0 3 0.016958510483236166 2.3090385978102957e-37 
0.016 15 0 4 0.016958510606798653 2.134552012201181e-37 
0.016 15 0 5 0.016958509681620573 6.779963328687322e-37 
0.017 16 0 0 0.01695851162811371 5.688085617462635e-38 
0.017 16 0 1 0.016967833269377217 6.12404273206677e-37 
0.017 16 0 2 0.01696783716508222 1.4444631083297397e-36 
0.017 16 0 3 0.0169678416871868 1.8638133028264673e-37 
0.017 16 0 4 0.016967835929022332 3.037865443618906e-37 
0.017 16 0 5 0.01696783763370798 5.1656144809714524e-37 
0.018 17 0 0 0.016967836137770382 1.7728225162797872e-37 
0.018 17 0 1 0.01697715197020929 5.708207889657764e-37 
0.018 17 0 2 0.01697715555186482 2.8114846961267355e-37 
0.018 17 0 3 0.016977154089731328 2.5530248747269764e-37 
0.018 17 0 4 0.01697715424314069 4.0922693494087794e-37 
0.018 17 0 5 0.016977153968119173 3.6840619356904166e-37 
0.019 18 0 0 0.016977157317678473 4.0136548485247237e-38 
0.019 18 0 1 0.016986469252413185 5.120467291591286e-37 
0.019 18 0 2 0.016986464095271197 7.437902111702373e-37 
0.019 18 0 3 0.016986467142789702 6.7249238370129195e-37 
0.019 18 0 4 0.016986464752174742 2.5912499671750605e-37 
0.019 18 0 5 0.016986468392386107 3.0896129531585593e-37 
0.020 19 0 0 0.016986466841752396 9.229245964468268e-38 
0.020 19 0 1 0.016995769704260335 9.712326596474529e-37 
0.020 19 0 2 0.0169957673948558 2.3765436921598157e-37 
0.020 19 0 3 0.016995768852914223 6.294608620432969e-37 
0.020 19 0 4 0.01699576599200809 3.2720962981701086e-37 
0.020 19 0 5 0.016995768713185457 1.91350523910964e-37 
0.021 20 0 0 0.016995771002425965 1.2561141396958614e-37 
0.021 20 0 1 0.017005059233007623 6.4435769125777605e-37 
0.021 20 0 2 0.017005064107118256 5.159102748163968e-37 
0.021 20 0 3 0.017005061619993753 3.048654799714871e-37 
0.021 20 0 4 0.017005065091032657 4.074227339597449e-37 
0.021 20 0 5 0.017005063611254662 1.667306726724031e-37 
0.022 21 0 0 0.017005065190853385 8.089715340204637e-37 
0.022 21 0 1 0.01701434993829623 7.2704386806199584e-37 
0.022 21 0 2 0.017014349586235163 3.573643435677843e-37 
0.022 21 0 3 0.017014349570362977 2.896672402592378e-37 
0.022 21 0 4 0.017014351917110104 6.392192730718649e-37 
0.022 21 0 5 0.017014349231925206 3.273789371935335e-37 
0.023 22 0 0 0.017014352611416626 2.6197096340940532e-37 
0.023 22 0 1 0.017023628283249177 3.2341834938429143e-37 
0.023 22 0 2 0.01702362960070459 3.7335382899776813e-37 
0.023 22 0 3 0.01702363078602453 5.495890841661366e-37 
0.023 22 0 4 0.017023631398796847 2.7626816162682277e-37 
0.023 22 0 5 0.017023629892767986 2.2183778036958383e-37 
0.024 23 0 0 0.017023628973705483 2.1301463758778728e-37 
0.024 23 0 1 0.01703289727268927 4.176335991704427e-37 
0.024 23 0 2 0.017032897435389313 7.809268608445553e-37 
0.024 23 0 3 0.01703289783314801 3.938992572018977e-37 
0.024 23 0 4 0.017032896167104503 3.071140449132286e-37 
0.024 23 0 5 0.01703289705919247 4.500313403693323e-37 
0.025 24 0 0 0.017032897329712658 3.7915496029960076e-38 
0.025 24 0 1 0.017042157555980916 5.251927866258094e-37 
0.025 24 0 2 0.01704215820753935 6.589585115859496e-37 
0.025 24 0 3 0.017042156834917395 2.7911535395949746e-37 
0.025 24 0 4 0.01704215818385854 1.7137902131497249e-37 
0.025 24 0 5 0.017042159166389383 2.0441175920513837e-37 
0.026 25 0 0 0.017042158249950177 6.319311355248875e-38 
0.026 25 0 1 0.01705141009702028 5.9498309449181846e-37 
0.026 25 0 2 0.017051409631680944 2.340229833314659e-37 
0.026 25 0 3 0.01705141280799394 9.56234880278536e-37 
0.026 25 0 4 0.017051412564575676 4.3873484067457205e-37 
0.026 25 0 5 0.017051411786146223 1.5782441033268267e-37 
0.027 26 0 0 0.017051412984792715 1.5962707312737612e-37 
0.027 26 0 1 0.01706065539238225 3.1297610825216975e-37 
0.027 26 0 2 0.017060655854497796 7.66645256000021e-37 
0.027 26 0 3 0.017060658079585747 3.2338990004770644e-37 
0.027 26 0 4 0.01706065894469586 2.8056148350873277e-37 
0.027 26 0 5 0.01706065921549998 2.0321914618064447e-37 
0.028 27 0 0 0.01706065958149571 7.785372592876401e-37 
0.028 27 0 1 0.017069895487691295 5.036557511521548e-37 
0.028 27 0 2 0.01706989659241242 2.2703770106339787e-37 
0.028 27 0 3 0.01706989781057484 3.909251220295703e-37 
0.028 27 0 4 0.01706989646175818 3.5421997576783257e-37 
0.028 27 0 5 0.017069897793609252 2.7838424356406103e-37 
0.029 28 0 0 0.017069893312095605 1.0323915578470056e-37 
0.029 28 0 1 0.0170791224278622 5.115624610352197e-37 
0.029 28 0 2 0.017079124528861737 4.097307214883529e-37 
0.029 28 0 3 0.017079125493612915 2.9509967472882864e-37 
0.029 28 0 4 0.017079121556984926 2.996346672589119e-37 
0.029 28 0 5 0.01707912214706354 2.4591225228892917e-37 
0.030 29 0 0 0.0170791229672526 7.570540493342523e-38 
0.030 29 0 1 0.01708834334746336 8.970442989104672e-37 
0.030 29 0 2 0.017088343739191 2.5594337745603742e-37 
0.030 29 0 3 0.017088342019821647 4.650682830087775e-37 
0.030 29 0 4 0.017088342652885256 3.3886166765878873e-37 
0.030 29 0 5 0.017088344973561466 1.7902837489655102e-37 
0.031 30 0 0 0.017088346618965945 1.3724029604958751e-37 
0.031 30 0 1 0.01709755690139594 9.250026755583538e-37 
0.031 30 0 2 0.017097558214861447 1.7695503606572085e-37 
0.031 30 0 3 0.017097561468483975 2.347568921637262e-37 
0.031 30 0 4 0.0170975606466502 1.924833901231591e-37 
0.031 30 0 5 0.01709756270879996 2.176071302039829e-37 
0.032 31 0 0 0.017097558288493044 4.972976294623491e-38 
0.032 31 0 1 0.017106764301701834 5.063941840254214e-37 
0.032 31 0 2 0.01710676172402497 7.0783176847155075e-37 
0.032 31 0 3 0.01710676222038576 3.497666848937379e-37 
0.032 31 0 4 0.0171067642935414 3.3991186251645787e-37 
0.032 31 0 5 0.01710676258596272 2.1333948335044208e-37 
0.033 32 0 0 0.01710676402680508 3.5682363982321425e-38 
0.033 32 0 1 0.01711595944000521 9.20139957327686e-37 
0.033 32 0 2 0.01711596197600764 5.190683634740525e-37 
0.033 32 0 3 0.017115960538134186 3.188412255459516e-37 
0.033 32 0 4 0.017115960417167665 2.474664755494301e-37 
0.033 32 0 5 0.017115961543949176 2.96203332932692e-37 
0.034 33 0 0 0.017115963156740337 1.2978748299214602e-37 
0.034 33 0 1 0.017125150256080433 4.869094520534431e-37 
0.034 33 0 2 0.017125151800754145 7.395692378025535e-37 
0.034 33 0 3 0.017125154481225695 4.17717873172506e-37 
0.034 33 0 4 0.017125151376142813 4.976286379317501e-37 
0.034 33 0 5 0.017125151573022624 1.3309794800042193e-37 
0.035 34 0 0 0.017125152435312027 3.8035782176762516e-38 
0.035 34 0 1 0.01713433423061829 2.055724302879967e-37 
0.035 34 0 2 0.017134333141257195 3.7143560133904314e-37 
0.035 34 0 3 0.017134333189815387 1.6809950926957147e-37 
0.035 34 0 4 0.0171343337957751 2.173343229666759e-37 
0.035 34 0 5 0.017134333577023084 2.785074449806046e-37 
0.036 35 0 0 0.017134333833481577 6.617428657666479e-38 
0.036 35 0 1 0.017143505190642814 3.6026430236341055e-37 
0.036 35 0 2 0.01714350788319116 2.1543501099801504e-37 
0.036 35 0 3 0.017143506069926012 2.6722847894529818e-37 
0.036 35 0 4 0.017143506449896328 1.6764913881825807e-37 
0.036 35 0 5 0.01714350808944996 1.872771959037015e-37 
0.037 36 0 0 0.01714350589357396 1.6317997016516737e-37 
0.037 36 0 1 0.01715267220334987 7.76543384455367e-37 
0.037 36 0 2 0.017152672487127686 1.2322141762693467e-37 
0.037 36 0 3 0.017152672735031155 3.804131341565649e-37 
0.037 36 0 4 0.01715267282231896 6.388630639656262e-37 
0.037 36 0 5 0.0171526714256125 4.255521778763383e-37 
0.038 37 0 0 0.017152671102998646 1.0087020333226062e-37 
0.038 37 0 1 0.01716183363180184 6.907676011938829e-37 
0.038 37 0 2 0.017161826896229852 2.524895938467228e-37 
0.038 37 0 3 0.017161827239093395 1.5841072867411467e-37 
0.038 37 0 4 0.01716182619217797 2.8804094086189953e-37 
0.038 37 0 5 0.017161829190064384 4.157712147881912e-37 
0.039 38 0 0 0.017161828350197934 1.593937018431517e-37 
0.039 38 0 1 0.017170974908558883 3.5733084776131395e-37 
0.039 38 0 2 0.017170976979822953 7.069771912448834e-37 
0.039 38 0 3 0.01717097454457163 2.3742223387837115e-37 
0.039 38 0 4 0.01717097835141424 2.4352492039488352e-37 
0.039 38 0 5 0.01717097874814034 1.8673051188803448e-37 
0.040 39 0 0 0.017170977847977147 5.82180770480625e-38 
0.040 39 0 1 0.0171801167547067 3.2149965005726154e-37 
0.040 39 0 2 0.01718011812617513 1.3860120766771093e-36 
0.040 39 0 3 0.017180120183821833 2.8531860172633337e-37 
0.040 39 0 4 0.017180119697547444 2.4365893007027307e-37 
0.040 39 0 5 0.017180117946447557 3.876919665576205e-37 
0.041 40 0 0 0.017180120097298655 1.0599728324007701e-37 
0.041 40 0 1 0.01718925140105434 4.020553803888477e-37 
0.041 40 0 2 0.017189254470453694 3.930267952905115e-37 
0.041 40 0 3 0.017189253822316158 6.614492712614899e-37 
0.041 40 0 4 0.01718925081446527 2.216090865772112e-37 
0.041 40 0 5 0.017189255698970955 2.5405244310645493e-37 
0.042 41 0 0 0.017189252476570424 5.732386983089733e-38 
0.042 41 0 1 0.017198378923887037 4.435521866563789e-37 
0.042 41 0 2 0.017198378161696334 2.0706614539322696e-37 
0.042 41 0 3 0.017198377713138317 2.8530935508325425e-37 
0.042 41 0 4 0.01719837859526459 2.2282758688300097e-37 
0.042 41 0 5 0.017198378942911437 1.6815629286110515e-37 
0.043 42 0 0 0.01719837831309026 1.224702423234263e-37 
0.043 42 0 1 0.01720749231400127 8.921314141947768e-37 
0.043 42 0 2 0.0172074946961183 2.4618339500261346e-37 
0.043 42 0 3 0.01720749846079052 3.890319802845819e-37 
0.043 42 0 4 0.01720749698283568 2.4450264802207226e-37 
0.043 42 0 5 0.017207497596573654 1.6163719158838943e-37 
0.044 43 0 0 0.017207497716370767 6.017375726558172e-38 
0.044 43 0 1 0.01721661467439443 2.9497261689512066e-37 
0.044 43 0 2 0.01721660814873463 2.816525157068985e-37 
0.044 43 0 3 0.017216607891333433 2.7380149968685827e-37 
0.044 43 0 4 0.017216609130439747 2.0405532304475794e-37 
0.044 43 0 5 0.01721660748196706 8.840821806533868e-38 
0.045 44 0 0 0.017216608423551043 2.705263656317629e-37 
0.045 44 0 1 0.017225707862763166 3.5916125394333205e-37 
0.045 44 0 2 0.017225712108427445 3.724697496214632e-37 
0.045 44 0 3 0.017225709461898657 2.090815058066297e-37 
0.045 44 0 4 0.017225711013747518 2.073697564988638e-37 
0.045 44 0 5 0.017225710638352324 2.4594727323361545e-37 
0.046 45 0 0 0.01722571011414429 1.577128618541618e-37 
0.046 45 0 1 0.017234803628802475 5.939571679340226e-37 
0.046 45 0 2 0.0172348039773597 4.3809390317845634e-37 
0.046 45 0 3 0.017234804265013906 2.8840217861525867e-37 
0.046 45 0 4 0.017234803579007394 2.0814808233233825e-37 
0.046 45 0 5 0.01723480181255504 2.9543534325185267e-37 
0.047 46 0 0 0.01723480322293357 4.1100211159325455e-38 
0.047 46 0 1 0.017243882458075045 2.51108457439865e-37 
0.047 46 0 2 0.017243888536411383 4.439353450967777e-37 
0.047 46 0 3 0.017243888308220486 2.4025936300507714e-37 
0.047 46 0 4 0.017243888605620334 3.195523857427326e-37 
0.047 46 0 5 0.017243889049471814 1.913387824311314e-37 
0.048 47 0 0 0.017243888221814687 1.329200594771666e-37 
0.048 47 0 1 0.017252967734849675 3.3354806942965335e-37 
0.048 47 0 2 0.01725296687587013 5.117382283976631e-37 
0.048 47 0 3 0.017252965929677073 4.359792521859031e-37 
0.048 47 0 4 0.017252966048711134 3.3708587669030258e-37 
0.048 47 0 5 0.017252967558704806 2.0624889849490574e-37 
0.049 48 0 0 0.017252963953451345 3.4068798681151625e-37 
0.049 48 0 1 0.017262036278923424 2.6520672948670965e-37 
0.049 48 0 2 0.017262034576248673 3.3600046365518814e-37 
0.049 48 0 3 0.017262031594055618 1.890038686897879e-37 
0.049 48 0 4 0.017262032792213996 2.36021196230723e-37 
0.049 48 0 5 0.017262034021498732 2.92604708092555e-37 
0.050 49 0 0 0.0172620330207543 7.819991804095627e-38 
0.050 49 0 1 0.017271093931699674 5.168815852848493e-37 
0.050 49 0 2 0.017271096769943203 5.560388517744815e-37 
0.050 49 0 3 0.017271096355097326 3.336373733049732e-37 
0.050 49 0 4 0.017271095940033 1.7820665715547937e-37 
0.050 49 0 5 0.017271097654595016 1.890644787019407e-37 
0.051 50 0 0 0.017271095900141042 5.808182639536828e-37 
0.051 50 0 1 0.017280155871227207 6.217468350343435e-37 
0.051 50 0 2 0.017280150446756338 3.1303441234011837e-37 
0.051 50 0 3 0.017280150433819603 2.3698993663021084e-37 
0.051 50 0 4 0.017280149304944776 2.3879644646951672e-37 
0.051 50 0 5 0.017280149125601392 2.2581102768431485e-37 
0.052 51 0 0 0.01728015021325734 3.743249563778181e-38 
0.052 51 0 1 0.01728919224644681 9.198482358454037e-37 
0.052 51 0 2 0.017289197530958974 2.818758175655239e-37 
0.052 51 0 3 0.017289196368684492 2.9487215071413978e-37 
0.052 51 0 4 0.017289195390287296 2.8274541277057685e-37 
0.052 51 0 5 0.017289194696699255 1.8670420811456064e-37 
0.053 52 0 0 0.017289196732106743 6.753831481178928e-37 
0.053 52 0 1 0.01729823421013676 4.008592369242447e-37 
0.053 52 0 2 0.017298233777765175 1.980161176257895e-37 
0.053 52 0 3 0.017298237015807506 3.27937053877884e-37 
0.053 52 0 4 0.017298234110932165 3.7221443496804866e-37 
0.053 52 0 5 0.017298236541246164 2.6627889394549313e-37 
0.054 53 0 0 0.017298233824477045 5.71067233180959e-38 
0.054 53 0 1 0.01730726098424207 2.894060798703263e-37 
0.054 53 0 2 0.017307263235028132 2.914904969727003e-37 
0.054 53 0 3 0.01730726372098402 1.5413569391232648e-37 
0.054 53 0 4 0.017307264441164538 3.266233201023225e-37 
0.054 53 0 5 0.017307261046241994 2.7134495643552338e-37 
0.055 54 0 0 0.017307264638239218 4.082911109766312e-38 
0.055 54 0 1 0.01731628879804961 4.427564475875374e-37 
0.055 54 0 2 0.01731628610096854 3.900875048495883e-37 
0.055 54 0 3 0.01731628839204778 2.2647950573117102e-37 
0.055 54 0 4 0.017316286912100316 2.636111986187056e-37 
0.055 54 0 5 0.01731628561157703 1.986522664909375e-37 
0.056 55 0 0 0.017316288963171698 2.143107560714172e-37 
0.056 55 0 1 0.01732530413265202 3.000964336386147e-37 
0.056 55 0 2 0.01732530481587257 4.6963249541443876e-37 
0.056 55 0 3 0.017325303344848955 1.4485972095566354e-37 
0.056 55 0 4 0.017325301033847388 2.9040621671223194e-37 
0.056 55 0 5 0.01732530361347239 2.3851782454423194e-37 
0.057 56 0 0 0.01732530420854695 1.375044141469541e-37 
0.057 56 0 1 0.017334306485993017 2.8714543547307894e-37 
0.057 56 0 2 0.017334308742538086 2.9741922016717047e-37 
0.057 56 0 3 0.017334310446645507 2.0118986526829712e-37 
0.057 56 0 4 0.017334314069789566 1.918321536963986e-37 
0.057 56 0 5 0.017334310720562945 3.860008317515632e-37 
0.058 57 0 0 0.017334311470472406 1.5061577675000634e-37 
0.058 57 0 1 0.017343304867886853 3.905729536988252e-37 
0.058 57 0 2 0.01734331260630423 4.2260663028744745e-37 
0.058 57 0 3 0.017343311079756864 1.9434392759403455e-37 
0.058 57 0 4 0.017343309168567335 3.379909035518636e-37 
0.058 57 0 5 0.017343309663489105 1.7898586107760415e-37 
0.059 58 0 0 0.01734330987164705 2.938032307758405e-37 
0.059 58 0 1 0.017352296706381446 2.2797074583677925e-37 
0.059 58 0 2 0.017352299992412275 2.4843356732127465e-37 
0.059 58 0 3 0.017352300119192633 3.856128961095373e-37 
0.059 58 0 4 0.017352302816908416 4.1227074757739625e-37 
0.059 58 0 5 0.017352299249795734 2.2164480042019756e-37 
0.060 59 0 0 0.01735230329002436 7.36105318338703e-38 
0.060 59 0 1 0.01736128827868164 4.74121384261653e-37 
0.060 59 0 2 0.017361286761146445 4.596187983714936e-37 
0.060 59 0 3 0.01736128781604834 2.4494375645981394e-37 
0.060 59 0 4 0.01736128636526526 3.058561138202757e-37 
0.060 59 0 5 0.01736128602894508 3.3495334600515604e-37 
0.061 60 0 0 0.01736128562605227 8.004425118102903e-38 
0.061 60 0 1 0.01737026079341963 5.068048968981735e-37 
0.061 60 0 2 0.017370260549121955 3.259384997624508e-37 
0.061 60 0 3 0.017370262305918656 1.4494439388988344e-37 
0.061 60 0 4 0.017370259136289864 2.186422068466357e-37 
0.061 60 0 5 0.017370261159699446 2.042616458515874e-37 
0.062 61 0 0 0.017370260571688636 5.980197991951436e-38 
0.062 61 0 1 0.017379228125779862 6.411018262115417e-37 
0.062 61 0 2 0.01737922685992062 1.884251024712671e-37 
0.062 61 0 3 0.017379227987806382 1.0305619427636563e-37 
0.062 61 0 4 0.017379224183819614 5.814706509888019e-37 
0.062 61 0 5 0.017379225705489217 3.385055512572016e-37 
0.063 62 0 0 0.017379227740519084 9.019684053775275e-38 
0.063 62 0 1 0.017388185024531832 2.5015344521110755e-37 
0.063 62 0 2 0.017388187568089557 2.4490865603523034e-37 
0.063 62 0 3 0.017388188283345263 3.509112376285915e-37 
0.063 62 0 4 0.017388186872837757 1.724405147107878e-37 
0.063 62 0 5 0.017388185510505028 1.870587084249032e-37 
0.064 63 0 0 0.017388184969583245 3.889500805857088e-37 
0.064 63 0 1 0.017397134566674907 3.613588392090356e-37 
0.064 63 0 2 0.01739713842022779 1.8166103408332196e-37 
0.064 63 0 3 0.017397136333167827 2.788625576583761e-37 
0.064 63 0 4 0.017397135210933088 2.0596654088307738e-37 
0.064 63 0 5 0.017397136601399688 2.703889186314524e-37 
0.065 64 0 0 0.017397136234889764 2.8484822316332643e-37 
0.065 64 0 1 0.017406078716775984 2.9165535553313266e-37 
0.065 64 0 2 0.01740608088802943 2.4713593201279596e-37 
0.065 64 0 3 0.01740607808113514 3.5209652698561443e-37 
0.065 64 0 4 0.017406079932192866 1.6633507236568307e-37 
0.065 64 0 5 0.017406079836716316 2.7136764696090704e-37 
0.066 65 0 0 0.017406079729281265 2.9421695256482477e-37 
0.066 65 0 1 0.017415009591381217 4.111817055295839e-37 
0.066 65 0 2 0.0174150149793067 3.522292679604069e-37 
0.066 65 0 3 0.01741501285447626 2.3143820808968164e-37 
0.066 65 0 4 0.017415014880946603 1.661196861355486e-37 
0.066 65 0 5 0.01741501523998098 2.952297515724969e-37 
0.067 66 0 0 0.01741501748280226 1.4745006560345603e-37 
0.067 66 0 1 0.01742394775548539 3.196563454483662e-37 
0.067 66 0 2 0.017423943223292594 3.7697493486916825e-37 
0.067 66 0 3 0.017423944527008867 1.862736602123707e-37 
0.067 66 0 4 0.01742394534350858 2.188365841095437e-37 
0.067 66 0 5 0.01742394478577904 3.945298176887699e-37 
0.068 67 0 0 0.017423945490636188 1.2015581867476217e-37 
0.068 67 0 1 0.01743286356916126 2.0836713400893082e-37 
0.068 67 0 2 0.0174328644124089 1.4661380786909448e-37 
0.068 67 0 3 0.017432863813285574 3.0561202321723577e-37 
0.068 67 0 4 0.017432866950881934 1.8680523455218381e-37 
0.068 67 0 5 0.017432863174010885 3.3655108496921526e-37 
0.069 68 0 0 0.017432865643324094 8.375561425955832e-38 
0.069 68 0 1 0.01744177173191143 4.509773799526509e-37 
0.069 68 0 2 0.01744177691534895 2.4564331793404337e-37 
0.069 68 0 3 0.01744177738517663 3.998820890842956e-37 
0.069 68 0 4 0.017441777757664506 1.9518080685900327e-37 
0.069 68 0 5 0.01744177708518527 1.874030416142379e-37 
0.070 69 0 0 0.017441778063715954 1.7068343978017751e-37 
0.070 69 0 1 0.017450685864124193 3.4800229913724343e-37 
0.070 69 0 2 0.01745068298469375 1.6853128576019002e-37 
0.070 69 0 3 0.017450680771629527 2.576291166061484e-37 
0.070 69 0 4 0.01745068273589766 1.6488687822211347e-37 
0.070 69 0 5 0.017450682872645666 2.2442161380742832e-37 
0.071 70 0 0 0.01745067992869527 5.844724928806881e-38 
0.071 70 0 1 0.01745957169149066 3.131740463020568e-37 
0.071 70 0 2 0.017459575423759203 3.1651184728386682e-37 
0.071 70 0 3 0.017459577905605015 3.384053778600186e-37 
0.071 70 0 4 0.017459575837039564 1.5045439053600882e-37 
0.071 70 0 5 0.01745957503457215 2.6652262458999003e-37 
0.072 71 0 0 0.017459577164806925 1.5246766099485936e-37 
0.072 71 0 1 0.017468469008636363 2.276301246870766e-37 
0.072 71 0 2 0.01746846542969596 3.6305002253505225e-37 
0.072 71 0 3 0.01746846403582578 1.566873636530533e-37 
0.072 71 0 4 0.01746846491865901 2.3312264486424184e-37 
0.072 71 0 5 0.01746846471833842 1.9385407533953595e-37 
0.073 72 0 0 0.017468464675568705 2.6897640381568384e-37 
0.073 72 0 1 0.01747733802845525 2.831244836233552e-37 
0.073 72 0 2 0.017477343679650266 3.5220548582351963e-37 
0.073 72 0 3 0.01747734579799624 2.1135940701930295e-37 
0.073 72 0 4 0.017477346197657496 4.5278551967723314e-37 
0.073 72 0 5 0.01747734566506968 2.6958783045604804e-37 
0.074 73 0 0 0.017477345400912923 9.359372897440659e-38 
0.074 73 0 1 0.017486222419545797 5.839705233082558e-37 
0.074 73 0 2 0.017486219158058206 1.9307271587004844e-37 
0.074 73 0 3 0.017486219297494842 2.754193105435864e-37 
0.074 73 0 4 0.017486218485730037 2.7155316906849435e-37 
0.074 73 0 5 0.017486218856235358 3.421774871284475e-37 
0.075 74 0 0 0.017486218356556452 1.1277026842405377e-37 
0.075 74 0 1 0.017495080189773995 1.7076435190301027e-37 
0.075 74 0 2 0.01749508258194629 2.1511640450993037e-37 
0.075 74 0 3 0.017495082922111486 1.439167935248625e-37 
0.075 74 0 4 0.01749508250719796 1.2088406860402242e-37 
0.075 74 0 5 0.017495084040274046 1.1048977189167435e-37 
0.076 75 0 0 0.017495083930024177 9.654921900807738e-37 
0.076 75 0 1 0.01750394760208074 3.631120904230949e-37 
0.076 75 0 2 0.017503942281826352 2.3767050455473015e-37 
0.076 75 0 3 0.017503942779186453 1.5826934939493895e-37 
0.076 75 0 4 0.017503940424930434 2.623357264219009e-37 
0.076 75 0 5 0.01750393950647565 1.4303892838176e-37 
0.077 76 0 0 0.017503941358132703 2.283971807242476e-37 
0.077 76 0 1 0.017512786845610886 2.8274897154318927e-37 
0.077 76 0 2 0.017512790754606333 2.2450941846855364e-37 
0.077 76 0 3 0.01751278964087631 1.897115081241773e-37 
0.077 76 0 4 0.01751278979157442 2.042661741475748e-37 
0.077 76 0 5 0.01751278809661341 3.0493552659024216e-37 
0.078 77 0 0 0.01751279015361648 6.160340500091774e-38 
0.078 77 0 1 0.01752162772402539 6.3342685812017146e-37 
0.078 77 0 2 0.017521630716794964 2.3088995304327383e-37 
0.078 77 0 3 0.017521629386826557 4.260416288339891e-37 
0.078 77 0 4 0.017521632614648352 2.412113529833716e-37 
0.078 77 0 5 0.017521630927328107 3.7123664165499436e-37 
0.079 78 0 0 0.017521631069090576 5.693728847336164e-38 
0.079 78 0 1 0.017530460890784003 2.0742561733535866e-37 
0.079 78 0 2 0.017530464559244396 2.040723004763024e-37 
0.079 78 0 3 0.017530464732272592 2.48030608008088e-37 
0.079 78 0 4 0.017530464765085012 2.125534853202942e-37 
0.079 78 0 5 0.017530463711831965 1.2365643356927812e-37 
0.080 79 0 0 0.017530464599964716 8.966886725309107e-38 
0.080 79 0 1 0.017539288295140967 4.156824681041733e-37 
0.080 79 0 2 0.01753929053215532 4.1618843424003776e-37 
0.080 79 0 3 0.017539289608611314 3.293136194243135e-37 
0.080 79 0 4 0.017539289353416896 4.352362921479088e-37 
0.080 79 0 5 0.017539289386900244 1.4656169620664086e-37 
0.081 80 0 0 0.017539291823845334 5.412138877126422e-37 
0.081 80 0 1 0.017548108240818327 3.9018338449311445e-37 
0.081 80 0 2 0.01754811173007866 5.130827038589348e-37 
0.081 80 0 3 0.017548110335187616 1.748405658844601e-37 
0.081 80 0 4 0.01754811112161739 2.163270139289052e-37 
0.081 80 0 5 0.01754810728930519 3.1606610019788357e-37 
0.082 81 0 0 0.017548109988409364 4.982697733886432e-37 
0.082 81 0 1 0.01755691941015986 3.485194924764042e-37 
0.082 81 0 2 0.017556920996498394 2.7053079887482916e-37 
0.082 81 0 3 0.017556919292381803 2.049262936242536e-37 
0.082 81 0 4 0.017556921171620093 3.1526826426105253e-37 
0.082 81 0 5 0.017556919844864922 2.160387955614121e-37 
0.083 82 0 0 0.01755691939656664 1.648484189234276e-37 
0.083 82 0 1 0.017565719781967682 4.431446014817992e-37 
0.083 82 0 2 0.01756572153786132 3.261748341784908e-37 
0.083 82 0 3 0.017565723254179696 2.4247169325870928e-37 
0.083 82 0 4 0.01756572159212163 1.466610311018553e-37 
0.083 82 0 5 0.01756572179392426 1.0642210863345384e-37 
0.084 83 0 0 0.017565722843641145 4.068473074637911e-37 
0.084 83 0 1 0.017574515363450456 2.5560477544605015e-37 
0.084 83 0 2 0.017574516800740868 3.976068137297823e-37 
0.084 83 0 3 0.01757451805792114 2.634489876365592e-37 
0.084 83 0 4 0.01757451781047839 1.3391533840046395e-37 
0.084 83 0 5 0.017574516927002827 8.793112007913771e-38 
0.085 84 0 0 0.01757451745491245 1.0107456131611173e-37 
0.085 84 0 1 0.017583304950754317 1.7613815039586943e-37 
0.085 84 0 2 0.01758330457763012 1.3235177395302804e-37 
0.085 84 0 3 0.01758330277942655 4.200307960305149e-37 
0.085 84 0 4 0.0175833048939509 2.846059228723416e-37 
0.085 84 0 5 0.017583302484856837 8.464544407211676e-38 
0.086 85 0 0 0.01758330696681978 7.753156181592738e-37 
0.086 85 0 1 0.017592087561957535 6.602790749399015e-37 
0.086 85 0 2 0.017592086590321333 1.6206284142695964e-37 
0.086 85 0 3 0.01759208685129086 4.505551177531182e-37 
0.086 85 0 4 0.017592085853583305 3.015312119258492e-37 
0.086 85 0 5 0.01759208479733744 2.7391457365665668e-37 
0.087 86 0 0 0.017592085926378336 1.4377502679213516e-37 
0.087 86 0 1 0.017600850445210644 2.117218425325244e-37 
0.087 86 0 2 0.01760085677468403 2.2621783075918917e-37 
0.087 86 0 3 0.017600859736221216 4.457106024770829e-37 
0.087 86 0 4 0.017600858493921474 9.125446789342434e-38 
0.087 86 0 5 0.017600856742761326 4.147081663014052e-37 
0.088 87 0 0 0.017600857268421328 8.117201702261245e-38 
0.088 87 0 1 0.0176096205666295 1.2797268699990752e-37 
0.088 87 0 2 0.017609620283796378 3.2573627855622647e-37 
0.088 87 0 3 0.017609618589992368 4.448438282610011e-37 
0.088 87 0 4 0.017609618665277747 3.795100927597655e-37 
0.088 87 0 5 0.017609619072346646 1.4131435439044855e-37 
0.089 88 0 0 0.01760961950975447 4.1758973481178404e-38 
0.089 88 0 1 0.017618370722657394 3.98399812734639e-37 
0.089 88 0 2 0.017618372397327768 2.4959434096166433e-37 
0.089 88 0 3 0.017618374634193155 2.7896048705123083e-37 
0.089 88 0 4 0.01761837203828333 1.2813610555100556e-37 
0.089 88 0 5 0.01761837293144589 2.714053347079427e-37 
0.090 89 0 0 0.01761837436846717 7.79482572038383e-37 
0.090 89 0 1 0.017627123681081505 7.85272305380354e-37 
0.090 89 0 2 0.017627121544980057 1.8079869199912036e-37 
0.090 89 0 3 0.017627121228386538 2.882284950274225e-37 
0.090 89 0 4 0.017627122065550314 2.0054610052115782e-37 
0.090 89 0 5 0.017627121400887298 4.1074220700861535e-37 
0.091 90 0 0 0.017627122644855147 3.0962428485158403e-37 
0.091 90 0 1 0.017635862711724237 3.629657267252815e-37 
0.091 90 0 2 0.017635862547643842 3.601308039430076e-37 
0.091 90 0 3 0.0176358615951349 3.3869987772304025e-37 
0.091 90 0 4 0.017635864141804958 1.1590652683863275e-37 
0.091 90 0 5 0.017635862173913143 1.5281129135090685e-37 
0.092 91 0 0 0.01763586218469705 1.3827113422401573e-37 
0.092 91 0 1 0.01764458947927105 5.001195024857225e-37 
0.092 91 0 2 0.017644594846128795 3.7508097629854694e-37 
0.092 91 0 3 0.017644592564983054 1.966063243150116e-37 
0.092 91 0 4 0.017644594745628173 1.8789758156242433e-37 
0.092 91 0 5 0.017644593011736303 2.317800587036245e-37 
0.093 92 0 0 0.017644595011082148 5.441108177177855e-37 
0.093 92 0 1 0.017653318181031764 4.097734878037668e-37 
0.093 92 0 2 0.0176533197014878 3.3419271051381974e-37 
0.093 92 0 3 0.017653318862011783 4.785286867096773e-37 
0.093 92 0 4 0.017653318306245284 3.8243132764513796e-37 
0.093 92 0 5 0.017653321020769577 1.4632424915962028e-37 
0.094 93 0 0 0.017653321108363096 2.7263101422703745e-38 
0.094 93 0 1 0.01766204125250816 3.2938311734713856e-37 
0.094 93 0 2 0.017662038465212374 2.5783988993690062e-37 
0.094 93 0 3 0.017662037108159126 2.5140832672827734e-37 
0.094 93 0 4 0.01766203458754395 1.6642250480690382e-37 
0.094 93 0 5 0.017662038427467646 7.182807337781441e-38 
0.095 94 0 0 0.017662036931201403 1.7009530924508637e-37 
0.095 94 0 1 0.01767074552127121 7.307584824485488e-37 
0.095 94 0 2 0.017670745425503655 2.804204953669908e-37 
0.095 94 0 3 0.017670745109139106 3.672135381114787e-37 
0.095 94 0 4 0.017670745431295622 2.086460419742646e-37 
0.095 94 0 5 0.017670745036593792 1.4756665999626914e-37 
0.096 95 0 0 0.01767074428165294 5.803453241345648e-38 
0.096 95 0 1 0.017679441981447958 3.668248375356535e-37 
0.096 95 0 2 0.01767944288292695 3.3748227827700075e-37 
0.096 95 0 3 0.017679446868465364 2.0468651201399143e-37 
0.096 95 0 4 0.01767944551333913 1.7702915288723726e-37 
0.096 95 0 5 0.017679445698624712 1.726040464167368e-37 
0.097 96 0 0 0.017679443376962645 5.852196513895175e-37 
0.097 96 0 1 0.017688140743821704 3.452036458127971e-37 
0.097 96 0 2 0.017688137178370443 1.8819952512288854e-37 
0.097 96 0 3 0.01768813697334238 1.2723786552823178e-37 
0.097 96 0 4 0.017688134795672838 5.86710376397516e-37 
0.097 96 0 5 0.017688139166086348 1.8297755696831436e-37 
0.098 97 0 0 0.01768813559020845 6.637684705859533e-38 
0.098 97 0 1 0.017696818517515894 2.710147733829192e-37 
0.098 97 0 2 0.01769682180180859 2.819105801020153e-37 
0.098 97 0 3 0.017696819268935012 2.140120860317468e-37 
0.098 97 0 4 0.017696820179304684 1.4680306794033542e-37 
0.098 97 0 5 0.01769681976246238 1.6704654154877541e-37 
0.099 98 0 0 0.017696821742374604 5.077535333831328e-37 
0.099 98 0 1 0.017705500397653205 4.54296183005693e-37 
0.099 98 0 2 0.017705499527667097 3.964554035657312e-37 
0.099 98 0 3 0.017705502142274437 1.7512433495416665e-37 
0.099 98 0 4 0.017705500122944258 2.108837951101234e-37 
0.099 98 0 5 0.017705498653788156 3.9561689599194696e-37 
0.100 99 0 0 0.01770549959899249 7.98308683396868e-38 
0.100 99 0 1 0.0177141695545608 2.3771035100205024e-37 
0.100 99 0 2 0.01771417042055298 1.8192692924079143e-37 
0.100 99 0 3 0.017714168599654925 2.029945849488149e-37 
0.100 99 0 4 0.01771416802649725 2.1922644583630897e-37 
0.100 99 0 5 0.017714167465126475 2.3824780781765426e-37 
0.101 100 0 0 0.017714168393458674 4.0699525374211e-38 
0.101 100 0 1 0.01772283014579414 4.7295446084779026e-37 
0.101 100 0 2 0.01772283068525909 2.6763920232778875e-37 
0.101 100 0 3 0.017722829228361468 2.213268373908515e-37 
0.101 100 0 4 0.017722831340342925 1.6059263376032704e-37 
0.101 100 0 5 0.01772282962413952 1.3479834648409283e-37 
0.102 101 0 0 0.017722831681127302 4.18848557568466e-38 
0.102 101 0 1 0.017731481630608132 2.801639934634523e-37 
0.102 101 0 2 0.017731485561829144 1.9922795002799915e-37 
0.102 101 0 3 0.017731486821581006 1.3294179557597659e-37 
0.102 101 0 4 0.017731486832526958 2.0454468414414484e-37 
0.102 101 0 5 0.017731484964110224 1.5261931608872897e-37 
0.103 102 0 0 0.017731485641163214 1.0729188093663203e-36 
0.103 102 0 1 0.017740132968294114 4.002354282436981e-37 
0.103 102 0 2 0.017740131966841575 1.4623119681090833e-37 
0.103 102 0 3 0.01774012898459405 3.404211928196107e-37 
0.103 102 0 4 0.01774013209745927 2.040265761074115e-37 
0.103 102 0 5 0.017740132061362244 1.8513234762989127e-37 
0.104 103 0 0 0.017740131244000673 1.084726867015518e-37 
0.104 103 0 1 0.01774876607866864 4.98908400335175e-37 
0.104 103 0 2 0.01774876903205666 1.1972592204792879e-37 
0.104 103 0 3 0.017748768750102773 1.6825266646233988e-37 
0.104 103 0 4 0.017748769570841882 3.418839343680253e-37 
0.104 103 0 5 0.017748769088031625 2.8327345934150606e-37 
0.105 104 0 0 0.01774876979033122 8.877437385629442e-38 
0.105 104 0 1 0.017757404108639817 1.8173394048949923e-37 
0.105 104 0 2 0.017757399048647756 1.7579548335040882e-37 
0.105 104 0 3 0.01775739920683382 1.2815739022370479e-37 
0.105 104 0 4 0.01775739951479773 1.3238632927250902e-37 
0.105 104 0 5 0.017757401427603126 2.1992277136205966e-37 
0.106 105 0 0 0.017757400548967614 2.875594355429694e-37 
0.106 105 0 1 0.01776601726570453 2.8856826331184733e-37 
0.106 105 0 2 0.017766025096444867 2.4252971629873457e-37 
0.106 105 0 3 0.017766023988875976 3.2674236180816535e-37 
0.106 105 0 4 0.01776602451391688 1.012302718991088e-37 
0.106 105 0 5 0.017766023703563723 1.128455234666693e-37 
0.107 106 0 0 0.01776602255837145 2.1892805874124117e-37 
0.107 106 0 1 0.017774635707832057 3.5568295001937345e-37 
0.107 106 0 2 0.017774636268945862 2.8908609231502395e-37 
0.107 106 0 3 0.017774638212184158 1.5420144739049256e-37 
0.107 106 0 4 0.01777463565746301 2.6578740199662884e-37 
0.107 106 0 5 0.017774636827066023 1.3042156484210841e-37 
0.108 107 0 0 0.01777463896165266 2.050439603059783e-37 
0.108 107 0 1 0.017783246364380008 3.6585439508401845e-37 
0.108 107 0 2 0.01778324579574963 1.2551088568261938e-37 
0.108 107 0 3 0.017783246735292014 1.9923566908058984e-37 
0.108 107 0 4 0.017783245418918816 1.6988550427452197e-37 
0.108 107 0 5 0.017783248076964707 3.849042291730488e-37 
0.109 108 0 0 0.01778324806621568 3.7553505710902904e-38 
0.109 108 0 1 0.01779184689411739 2.377664095967909e-37 
0.109 108 0 2 0.017791848151731123 1.6401686192687194e-37 
0.109 108 0 3 0.017791847715733264 2.4415386938852174e-37 
0.109 108 0 4 0.017791848303272375 2.3423345240528896e-37 
0.109 108 0 5 0.017791846981973555 1.8808918968440453e-37 
0.110 109 0 0 0.017791847665063653 1.2864271880212184e-37 
0.110 109 0 1 0.017800448175294102 2.505290355888252e-37 
0.110 109 0 2 0.01780044080055034 1.2950037680535827e-37 
0.110 109 0 3 0.017800439320530794 2.3512640918252765e-37 
0.110 109 0 4 0.017800440147326225 2.151127989689816e-37 
0.110 109 0 5 0.01780044031868254 1.720119487701133e-37 
0.111 110 0 0 0.01780044181984712 1.2502313079970192e-37 
0.111 110 0 1 0.017809023008080377 3.2653022010946284e-37 
0.111 110 0 2 0.01780902574959788 2.6837709947443133e-37 
0.111 110 0 3 0.017809026141772235 1.769868934039617e-37 
0.111 110 0 4 0.017809026958641203 2.7535934425291567e-37 
0.111 110 0 5 0.017809025218913813 1.5228361629923302e-37 
0.112 111 0 0 0.017809023842477536 1.5197239696948207e-37 
0.112 111 0 1 0.017817596839210737 6.3953025999954974e-37 
0.112 111 0 2 0.01781760033548744 1.8206083522009462e-37 
0.112 111 0 3 0.01781759928270787 1.5970263827706813e-37 
0.112 111 0 4 0.017817599281322247 2.3277946546903015e-37 
0.112 111 0 5 0.017817602545709313 4.4386629611494816e-37 
0.113 112 0 0 0.01781760094036277 5.0441366228116525e-37 
0.113 112 0 1 0.01782616876106115 1.7650386634879583e-37 
0.113 112 0 2 0.017826170386193156 3.915842911193562e-37 
0.113 112 0 3 0.017826169732244573 1.988871570440723e-37 
0.113 112 0 4 0.01782617049758597 1.3675606693743787e-37 
0.113 112 0 5 0.017826169954456867 1.9662639458742923e-37 
0.114 113 0 0 0.017826169667096835 3.330988737098326e-38 
0.114 113 0 1 0.01783472460686461 2.193773537698797e-37 
0.114 113 0 2 0.017834732921037575 3.957246313211304e-37 
0.114 113 0 3 0.01783472956361455 6.635687868616619e-38 
0.114 113 0 4 0.017834730491023295 1.65220126965433e-37 
0.114 113 0 5 0.017834731559437714 2.0132273919128137e-37 
0.115 114 0 0 0.01783472849673151 1.2760699275958081e-37 
0.115 114 0 1 0.01784328308154573 2.015142119127975e-37 
0.115 114 0 2 0.01784328237113415 3.985430250873684e-37 
0.115 114 0 3 0.01784328365744675 2.392002907026836e-37 
0.115 114 0 4 0.01784328336857924 1.4617803627655414e-37 
0.115 114 0 5 0.017843282204352908 1.919770404256306e-37 
0.116 115 0 0 0.01784328307885262 1.4334513362202048e-37 
0.116 115 0 1 0.017851824075604546 3.624088310973803e-37 
0.116 115 0 2 0.017851829061928517 2.7676380211979057e-37 
0.116 115 0 3 0.01785182869900286 1.0572902781429722e-37 
0.116 115 0 4 0.01785182706074335 1.2753486793514848e-37 
0.116 115 0 5 0.017851829699435922 2.2654199453423985e-37 
0.117 116 0 0 0.017851830173525284 8.07465002745534e-38 
0.117 116 0 1 0.01786036507230783 1.657027614818665e-37 
0.117 116 0 2 0.017860368839142805 2.7957257246882483e-37 
0.117 116 0 3 0.017860367656688383 2.025462353012588e-37 
0.117 116 0 4 0.017860367331072415 2.4792560100701465e-37 
0.117 116 0 5 0.017860370011227138 2.1971743839743295e-37 
0.118 117 0 0 0.017860367868577844 7.85162381162757e-38 
0.118 117 0 1 0.01786889998526371 3.154469454046993e-37 
0.118 117 0 2 0.017868895912371927 2.1683305538456215e-37 
0.118 117 0 3 0.017868899689327224 2.2054118399254474e-37 
0.118 117 0 4 0.01786889871113393 2.2564535549496154e-37 
0.118 117 0 5 0.017868899947204208 7.595748975741e-38 
0.119 118 0 0 0.0178688991791547 4.5569122017289293e-38 
0.119 118 0 1 0.0178774209044192 2.981177220845987e-37 
0.119 118 0 2 0.017877421259337847 1.265176913039167e-37 
0.119 118 0 3 0.01787742149071509 1.3568257562417102e-37 
0.119 118 0 4 0.017877422148463745 1.4045367109330406e-37 
0.119 118 0 5 0.017877420029358056 1.953094977309092e-37 
0.120 119 0 0 0.01787742295268542 2.4560170851983084e-37 
0.120 119 0 1 0.01788593655009849 1.973721081769059e-37 
0.120 119 0 2 0.017885937546695433 1.945499617333804e-37 
0.120 119 0 3 0.017885938313023295 1.8580407266045155e-37 
0.120 119 0 4 0.017885937576762486 1.3802106880727938e-37 
0.120 119 0 5 0.017885937745309912 8.682881439103587e-38 
0.121 120 0 0 0.017885938679460055 9.307724459527955e-38 
0.121 120 0 1 0.01789444927310659 3.49133164864509e-37 
0.121 120 0 2 0.017894445046399945 1.606460729779133e-37 
0.121 120 0 3 0.01789444609948015 1.977995994968205e-37 
0.121 120 0 4 0.017894446741289417 1.390787051290716e-37 
0.121 120 0 5 0.01789444469537775 1.2422410553269458e-37 
0.122 121 0 0 0.017894444253456203 8.120797384306574e-37 
0.122 121 0 1 0.017902944781899518 1.551706239441274e-37 
0.122 121 0 2 0.017902941790211988 1.2392216565063881e-37 
0.122 121 0 3 0.017902942233858726 2.496049535204216e-37 
0.122 121 0 4 0.01790294303865979 1.7780831266846038e-37 
0.122 121 0 5 0.017902945225134234 1.0649494182178633e-37 
0.123 122 0 0 0.017902942439330948 1.4919776231073768e-37 
0.123 122 0 1 0.017911427645557528 1.5329814657831491e-37 
0.123 122 0 2 0.017911436287701806 3.7214907945864636e-37 
0.123 122 0 3 0.017911435419276787 3.4013173430297664e-37 
0.123 122 0 4 0.017911436260510064 2.363603344563258e-37 
0.123 122 0 5 0.017911434817807822 2.8851781376453475e-37 
0.124 123 0 0 0.01791143607715705 9.768937614927509e-37 
0.124 123 0 1 0.01791991854561311 1.7233761824036395e-37 
0.124 123 0 2 0.017919920913474777 2.484231726644286e-37 
0.124 123 0 3 0.017919920086999996 2.425901157657932e-37 
0.124 123 0 4 0.01791992094104281 1.8368999252186018e-37 
0.124 123 0 5 0.017919921402934223 1.625328835250681e-37 
0.125 124 0 0 0.01791992117130103 5.232685743312985e-37 
0.125 124 0 1 0.017928397198398498 2.780786776032759e-37 
0.125 124 0 2 0.01792839827958586 4.38914942515909e-37 
0.125 124 0 3 0.01792839729176048 6.54685798950879e-37 
0.125 124 0 4 0.017928399038998566 1.8660134352367688e-37 
0.125 124 0 5 0.017928396885816107 2.2270299726137562e-37 
0.126 125 0 0 0.017928400627857666 3.7326324009891354e-38 
0.126 125 0 1 0.017936873731713758 3.569539215958353e-37 
0.126 125 0 2 0.017936867918333987 1.564471325763087e-37 
0.126 125 0 3 0.01793686936310608 2.3425698686267272e-37 
0.126 125 0 4 0.01793686844470409 4.738282685311894e-37 
0.126 125 0 5 0.017936870687423435 3.5336693173684753e-37 
0.127 126 0 0 0.01793686959091692 1.3928638683687616e-37 
0.127 126 0 1 0.017945327315548276 1.0496696387433887e-37 
0.127 126 0 2 0.017945329886288473 1.656402215314037e-37 
0.127 126 0 3 0.017945328833092255 1.3788599134246e-37 
0.127 126 0 4 0.017945329659348273 2.710763961835371e-37 
0.127 126 0 5 0.01794532939775363 1.940692252757168e-37 
0.128 127 0 0 0.017945329040463958 2.4630043572814582e-37 
0.128 127 0 1 0.017953780613053933 2.4014431394888376e-37 
0.128 127 0 2 0.017953784053417503 2.7556103261539906e-37 
0.128 127 0 3 0.017953783767444813 1.3359438657665577e-37 
0.128 127 0 4 0.017953782805193105 1.3879191748731057e-37 
0.128 127 0 5 0.017953782190155407 2.208122623778714e-37 
0.129 128 0 0 0.017953782489850866 2.075661282282339e-37 
0.129 128 0 1 0.017962226664610302 1.5134779415229528e-37 
0.129 128 0 2 0.017962230097544444 1.4921666651723618e-37 
0.129 128 0 3 0.017962228806929263 3.5347672837607196e-37 
0.129 128 0 4 0.017962227817840157 1.7737989368896235e-37 
0.129 128 0 5 0.01796222954526525 2.4448416822341163e-37 
0.130 129 0 0 0.017962230007659626 7.456068629715818e-38 
0.130 129 0 1 0.01797066673926234 2.9991381397047155e-37 
0.130 129 0 2 0.017970669168975245 2.4103459319508173e-37 
0.130 129 0 3 0.017970667490491504 2.5433125998738856e-37 
0.130 129 0 4 0.01797066890704491 2.3864767884418783e-37 
0.130 129 0 5 0.017970670043566724 1.379050644158579e-37 
0.131 130 0 0 0.017970668641438963 1.2076215290503431e-37 
0.131 130 0 1 0.017979093451233073 2.0714826621261875e-37 
0.131 130 0 2 0.017979100529795334 2.807382012580687e-37 
0.131 130 0 3 0.01797909791809971 1.8547409980261695e-37 
0.131 130 0 4 0.017979098139844867 2.7210003350133867e-37 
0.131 130 0 5 0.01797909842190672 1.1599678587401837e-37 
0.132 131 0 0 0.017979099014792232 4.928891999815685e-37 
0.132 131 0 1 0.017987520339352032 1.5908421233424768e-37 
0.132 131 0 2 0.017987522978898964 2.1134667972600076e-37 
0.132 131 0 3 0.01798752247103148 2.0070023266733276e-37 
0.132 131 0 4 0.017987520651112855 4.472383716310593e-37 
0.132 131 0 5 0.01798751992682137 1.6210740026585286e-37 
0.133 132 0 0 0.01798752280432692 2.1914074983460113e-37 
0.133 132 0 1 0.017995943243699155 2.9872685952054832e-37 
0.133 132 0 2 0.017995936653283896 1.9860569854037105e-37 
0.133 132 0 3 0.01799593768330858 1.3422373423970719e-37 
0.133 132 0 4 0.017995938959818377 1.4179872494051702e-37 
0.133 132 0 5 0.017995935295713177 1.8873211242632904e-37 
0.134 133 0 0 0.017995939288008068 7.933458816850984e-38 
0.134 133 0 1 0.018004343385484296 5.9588883509599425e-37 
0.134 133 0 2 0.018004346822064497 2.2761726619720566e-37 
0.134 133 0 3 0.0180043457985142 1.9387778198146843e-37 
0.134 133 0 4 0.01800434587983653 2.0146156723144045e-37 
0.134 133 0 5 0.018004346488150132 1.7154799846675387e-37 
0.135 134 0 0 0.018004347003266415 3.4943287963410715e-38 
0.135 134 0 1 0.018012744121273044 2.6815614693647203e-37 
0.135 134 0 2 0.0180127461131403 2.4416954098505987e-37 
0.135 134 0 3 0.018012745354858008 2.863383623519334e-37 
0.135 134 0 4 0.018012748303084667 2.23528434924383e-37 
0.135 134 0 5 0.018012745441535187 1.194265143121981e-37 
0.136 135 0 0 0.01801274581820789 6.955912657488366e-38 
0.136 135 0 1 0.01802114060051223 1.7260015921479676e-37 
0.136 135 0 2 0.018021138459177723 1.3899998018134584e-37 
0.136 135 0 3 0.01802113906496254 2.4626296178039167e-37 
0.136 135 0 4 0.018021137671104994 1.50670178062991e-37 
0.136 135 0 5 0.018021136371262493 2.0117418123523517e-37 
0.137 136 0 0 0.01802113994974868 4.646501066110308e-37 
0.137 136 0 1 0.018029528175322183 3.919177875421793e-37 
0.137 136 0 2 0.018029525421390476 2.496767364355551e-37 
0.137 136 0 3 0.01802952309010577 1.4145262804190269e-37 
0.137 136 0 4 0.018029522808241195 9.095516613088998e-38 
0.137 136 0 5 0.018029525827594636 1.1335546788887402e-37 
0.138 137 0 0 0.01802952585878221 8.784168234987952e-38 
0.138 137 0 1 0.018037906095476265 2.1282691263217172e-37 
0.138 137 0 2 0.01803790356779605 1.7424653076754737e-37 
0.138 137 0 3 0.01803790473395668 1.3752188215338524e-37 
0.138 137 0 4 0.01803790176249624 2.749407296332856e-37 
0.138 137 0 5 0.01803790204269086 2.5560136959013252e-37 
0.139 138 0 0 0.018037903928715113 5.4301808256884635e-37 
0.139 138 0 1 0.01804627377765653 1.13017764768061e-37 
0.139 138 0 2 0.018046274694720192 2.8045146756629863e-37 
0.139 138 0 3 0.018046271151687526 2.202280372260205e-37 
0.139 138 0 4 0.018046275455166152 1.6945814117341684e-37 
0.139 138 0 5 0.018046272041995264 1.5758503107024205e-37 
0.140 139 0 0 0.018046272122419625 4.414169815645734e-37 
0.140 139 0 1 0.018054628893477122 2.670029595756436e-37 
0.140 139 0 2 0.018054633567098865 2.563762301876672e-37 
0.140 139 0 3 0.018054635230106225 3.967810288950802e-37 
0.140 139 0 4 0.018054633623953462 2.0761083203309536e-37 
0.140 139 0 5 0.018054630686310226 1.1948604287226106e-37 
0.141 140 0 0 0.018054635738051526 1.2866430842731042e-37 
0.141 140 0 1 0.0180629885719287 2.5114438568151637e-37 
0.141 140 0 2 0.01806298824656474 1.2176296720474234e-37 
0.141 140 0 3 0.01806298931264219 1.8202040775939887e-37 
0.141 140 0 4 0.018062989361327657 3.420575892292429e-37 
0.141 140 0 5 0.018062988019601916 2.991471068280517e-37 
0.142 141 0 0 0.01806298949732088 2.7572457108422315e-37 
0.142 141 0 1 0.018071337090241255 1.7819987539639899e-37 
0.142 141 0 2 0.01807133647897849 1.5156623135951114e-37 
0.142 141 0 3 0.018071334441164284 2.465760195644634e-37 
0.142 141 0 4 0.018071334017635537 2.1699820541507524e-37 
0.142 141 0 5 0.018071336149209027 1.230995831332524e-37 
0.143 142 0 0 0.018071338732443706 8.339183271924409e-37 
0.143 142 0 1 0.018079674049566244 1.6665365459378808e-37 
0.143 142 0 2 0.018079677371786663 1.204232551072754e-37 
0.143 142 0 3 0.018079679129387547 1.6446945348004188e-37 
0.143 142 0 4 0.018079677747428483 1.6364562660961918e-37 
0.143 142 0 5 0.01807967771072108 1.954529430495082e-37 
0.144 143 0 0 0.018079680095005966 1.902286520635393e-37 
0.144 143 0 1 0.018088014116731374 2.32825397930743e-37 
0.144 143 0 2 0.018088013571177466 1.7277469023787919e-37 
0.144 143 0 3 0.018088012464621644 2.2050410213193247e-37 
0.144 143 0 4 0.01808801319674224 1.5826392304179814e-37 
0.144 143 0 5 0.018088010772891624 1.5173476692711399e-37 
0.145 144 0 0 0.01808801073606094 6.895164578966098e-38 
0.145 144 0 1 0.01809633349847248 3.3285297179168194e-37 
0.145 144 0 2 0.018096335784079168 2.578174586517329e-37 
0.145 144 0 3 0.018096331487870987 1.5317437899340112e-37 
0.145 144 0 4 0.018096336256307858 2.675325964451675e-37 
0.145 144 0 5 0.01809633709710273 2.4444322718682872e-37 
0.146 145 0 0 0.018096333388671764 8.184595596358695e-38 
0.146 145 0 1 0.018104645298726237 3.5854549256954147e-37 
0.146 145 0 2 0.01810465007022351 1.7442124466007937e-37 
0.146 145 0 3 0.018104648179606955 1.949475836758787e-37 
0.146 145 0 4 0.01810465049818613 2.345714018043072e-37 
0.146 145 0 5 0.018104647045878674 2.0973955994453434e-37 
0.147 146 0 0 0.01810464973357006 8.492544225415598e-38 
0.147 146 0 1 0.01811295553564472 4.491926315778467e-37 
0.147 146 0 2 0.01811295792524563 2.1750483576641177e-37 
0.147 146 0 3 0.018112958708937837 1.0201260562135363e-37 
0.147 146 0 4 0.018112957190385522 1.2479576524121589e-37 
0.147 146 0 5 0.018112956605701485 2.096282569094607e-37 
0.148 147 0 0 0.018112959121398136 4.5613950229811616e-38 
0.148 147 0 1 0.018121262337352333 7.955920915501079e-37 
0.148 147 0 2 0.018121260440601385 1.8822053689271186e-37 
0.148 147 0 3 0.018121259825910944 2.3966244944595634e-37 
0.148 147 0 4 0.01812125933353963 2.0580193858510166e-37 
0.148 147 0 5 0.018121261851668246 1.982976595067493e-37 
0.149 148 0 0 0.018121260499602016 1.786542370659574e-37 
0.149 148 0 1 0.018129548635887557 2.2848571461462784e-37 
0.149 148 0 2 0.018129553846998266 3.243634152403397e-37 
0.149 148 0 3 0.01812955521752975 8.436727178847672e-38 
0.149 148 0 4 0.018129555381018608 3.602978520322905e-37 
0.149 148 0 5 0.018129554960891484 2.060162987144356e-37 
0.150 149 0 0 0.01812955581517565 3.4174452299085296e-37 
0.150 149 0 1 0.018137841851655925 2.79753271307098e-37 
0.150 149 0 2 0.018137843794596813 4.643933631052997e-37 
0.150 149 0 3 0.01813784408142057 1.4914267655702137e-37 
0.150 149 0 4 0.01813783988223535 1.2255489982146784e-37 
0.150 149 0 5 0.01813784030150384 1.7450320100206385e-37 
0.151 150 0 0 0.018137842703780736 3.7701131017976816e-38 
0.151 150 0 1 0.01814611962154391 2.669799292353824e-37 
0.151 150 0 2 0.01814612055838864 1.5950084499236229e-37 
0.151 150 0 3 0.018146120759515744 1.2620068466077252e-37 
0.151 150 0 4 0.018146120930440428 7.368457243788743e-38 
0.151 150 0 5 0.01814612110598758 1.5726549648466823e-37 
0.152 151 0 0 0.018146121973073852 6.035974056526272e-38 
0.152 151 0 1 0.018154394807710986 4.524813480522106e-37 
0.152 151 0 2 0.018154393670965288 1.6935357207811353e-37 
0.152 151 0 3 0.018154392926782743 2.1485234452796223e-37 
0.152 151 0 4 0.018154394302609414 2.0036624368809947e-37 
0.152 151 0 5 0.01815439232602984 3.2374013379834035e-37 
0.153 152 0 0 0.018154392881650203 1.976926153354578e-37 
0.153 152 0 1 0.018162656616972913 3.5969417966035172e-37 
0.153 152 0 2 0.018162656880840924 3.067201686415254e-37 
0.153 152 0 3 0.018162659158175182 1.887992143039425e-37 
0.153 152 0 4 0.018162656762618645 2.1635504094916555e-37 
0.153 152 0 5 0.018162656180711848 2.0692120681595184e-37 
0.154 153 0 0 0.018162656528549637 2.2215987233002952e-37 
0.154 153 0 1 0.01817091079224572 2.588360232690936e-37 
0.154 153 0 2 0.018170912575704405 9.94366049602284e-38 
0.154 153 0 3 0.018170909794732647 5.664057284039667e-37 
0.154 153 0 4 0.0181709133536204 2.231431254908415e-37 
0.154 153 0 5 0.018170911738996428 1.171147677128783e-37 
0.155 154 0 0 0.018170910832771024 1.072462162687006e-37 
0.155 154 0 1 0.01817915822363958 2.1037548740452494e-37 
0.155 154 0 2 0.018179158692195187 1.858499630832105e-37 
0.155 154 0 3 0.01817915821376238 2.4029658954975573e-37 
0.155 154 0 4 0.018179157714785607 1.2932615546923644e-37 
0.155 154 0 5 0.01817915910154206 1.7640814224939938e-37 
0.156 155 0 0 0.018179157582845266 4.34574865064758e-37 
0.156 155 0 1 0.01818739698517902 3.0375960824153703e-37 
0.156 155 0 2 0.01818739576295868 2.4898474302400677e-37 
0.156 155 0 3 0.01818739753461586 5.150359708105979e-37 
0.156 155 0 4 0.018187398309035405 2.0437022213501174e-37 
0.156 155 0 5 0.01818739736816963 3.3815801942895982e-37 
0.157 156 0 0 0.018187399521103192 2.44372562923367e-37 
0.157 156 0 1 0.018195630333466512 1.90185482440939e-37 
0.157 156 0 2 0.01819563148425967 1.5323817520793718e-37 
0.157 156 0 3 0.01819563224475274 1.5413804914472035e-37 
0.157 156 0 4 0.01819563105031894 2.9363871606996635e-37 
0.157 156 0 5 0.01819563268780646 2.1245884407428605e-37 
0.158 157 0 0 0.01819563207099393 1.5980807126766815e-37 
0.158 157 0 1 0.018203850539598544 3.4078856913605496e-37 
0.158 157 0 2 0.018203857293062647 1.8400386375969046e-37 
0.158 157 0 3 0.01820385643303622 1.4220267234428336e-37 
0.158 157 0 4 0.018203857202893997 1.20234591288531e-37 
0.158 157 0 5 0.018203854813701653 9.192255532833355e-38 
0.159 158 0 0 0.018203855721482195 1.826332086438615e-37 
0.159 158 0 1 0.018212074380022213 3.460481978875071e-37 
0.159 158 0 2 0.018212073204287464 1.794489508085442e-37 
0.159 158 0 3 0.01821207461261311 9.754478757366055e-38 
0.159 158 0 4 0.01821207364105941 2.3694518388664258e-37 
0.159 158 0 5 0.01821207347776598 1.7807983596604953e-37 
0.160 159 0 0 0.018212072819306827 1.153694282244748e-37 
0.160 159 0 1 0.018220279006262358 2.169712605475539e-37 
0.160 159 0 2 0.018220284290210657 2.3051929996553298e-37 
0.160 159 0 3 0.01822028517301287 1.5888251994303122e-37 
0.160 159 0 4 0.018220284375885583 2.4482957708447994e-37 
0.160 159 0 5 0.018220284483779922 1.4192042911344212e-37 
0.161 160 0 0 0.018220282291455635 4.365586586452392e-37 
0.161 160 0 1 0.018228483814412003 3.5474786513059027e-37 
0.161 160 0 2 0.018228484607572218 1.6676945229368598e-37 
0.161 160 0 3 0.01822848601023829 1.9081975216484636e-37 
0.161 160 0 4 0.018228484996075527 7.536636881581615e-38 
0.161 160 0 5 0.018228483564164948 8.769561067756865e-38 
0.162 161 0 0 0.018228487013564037 1.0355793253054863e-37 
0.162 161 0 1 0.018236683483985872 1.0507429422826614e-37 
0.162 161 0 2 0.018236682708492595 2.5183755898637164e-37 
0.162 161 0 3 0.018236681866364346 1.0632686798202754e-37 
0.162 161 0 4 0.01823668311920168 1.619526163407297e-37 
0.162 161 0 5 0.01823667875216762 3.061532460224627e-37 
0.163 162 0 0 0.018236681141398328 3.482837146180712e-38 
0.163 162 0 1 0.01824486745509996 2.1829496070811825e-37 
0.163 162 0 2 0.018244868070458463 3.483166485681747e-37 
0.163 162 0 3 0.01824486849273108 2.486657136065293e-37 
0.163 162 0 4 0.01824486963597324 2.1048712114603614e-37 
0.163 162 0 5 0.01824486904557926 1.0821959761389567e-37 
0.164 163 0 0 0.018244868350115236 1.7471247068552694e-36 
0.164 163 0 1 0.018253047647870602 8.760747671130419e-38 
0.164 163 0 2 0.01825304974036915 9.560646389365865e-38 
0.164 163 0 3 0.018253050081943466 1.564884211349108e-37 
0.164 163 0 4 0.018253048338656534 1.9295977804515383e-37 
0.164 163 0 5 0.018253050047717944 1.2356049752348888e-37 
0.165 164 0 0 0.01825304854780813 8.881878843944777e-38 
0.165 164 0 1 0.018261222599326013 1.5851007933393683e-37 
0.165 164 0 2 0.018261221694852992 1.8085977950372487e-37 
0.165 164 0 3 0.01826122061447643 1.1160468068300199e-37 
0.165 164 0 4 0.01826122132883936 1.6725352664429162e-37 
0.165 164 0 5 0.018261220052968676 2.240070098791654e-37 
0.166 165 0 0 0.01826122011286142 2.107184584031183e-37 
0.166 165 0 1 0.018269381451231796 2.801258317272111e-37 
0.166 165 0 2 0.018269385902763176 1.6030980058283234e-37 
0.166 165 0 3 0.01826938217653737 2.6123523541531034e-37 
0.166 165 0 4 0.01826938577153199 1.1063090016326262e-37 
0.166 165 0 5 0.01826938551934675 1.2128944463157314e-37 
0.167 166 0 0 0.01826938670433418 2.147303539586017e-37 
0.167 166 0 1 0.01827753924467973 4.491212592431632e-37 
0.167 166 0 2 0.01827754505294014 2.742260085619445e-37 
0.167 166 0 3 0.018277545480418197 5.428412972460956e-37 
0.167 166 0 4 0.018277545097802324 2.7127424341176743e-37 
0.167 166 0 5 0.01827754379020481 1.6745131501798644e-37 
0.168 167 0 0 0.018277543236799462 2.9586723789936935e-38 
0.168 167 0 1 0.018285690981946084 2.8149433139967996e-37 
0.168 167 0 2 0.01828569330964552 2.5211152054328866e-37 
0.168 167 0 3 0.018285694155678184 2.417781102492155e-37 
0.168 167 0 4 0.018285692415793097 1.9777663431693795e-37 
0.168 167 0 5 0.018285692715425628 1.496912428668506e-37 
0.169 168 0 0 0.018285692942587476 2.7258058126369536e-37 
0.169 168 0 1 0.01829383455077598 2.6368254362806894e-37 
0.169 168 0 2 0.01829383478052409 1.7728183152307815e-37 
0.169 168 0 3 0.018293836217790734 1.6448388475227672e-37 
0.169 168 0 4 0.018293836008692964 2.0789414025076946e-37 
0.169 168 0 5 0.018293833677845282 2.082821731078764e-37 
0.170 169 0 0 0.018293837056584696 1.2730866685808111e-37 
0.170 169 0 1 0.018301968592725964 3.069640394158687e-37 
0.170 169 0 2 0.0183019739193618 4.938503741166754e-37 
0.170 169 0 3 0.018301971983453628 2.7859029027130238e-37 
0.170 169 0 4 0.01830197259057784 2.6950535213038557e-37 
0.170 169 0 5 0.01830197009437002 9.308954617968477e-38 
0.171 170 0 0 0.018301971905706 1.6290825358289912e-37 
0.171 170 0 1 0.01831010461685366 2.624715386926025e-37 
0.171 170 0 2 0.0183101004639585 1.2856372719167737e-37 
0.171 170 0 3 0.01831010147494729 1.792939139490482e-37 
0.171 170 0 4 0.018310100278421212 2.8372519645293733e-37 
0.171 170 0 5 0.0183101006994088 1.141585520387786e-37 
0.172 171 0 0 0.018310100544346012 1.1062642176749296e-37 
0.172 171 0 1 0.01831822272862905 2.020462120721814e-37 
0.172 171 0 2 0.018318220871719474 1.0460194804515769e-37 
0.172 171 0 3 0.018318220010962248 1.4485037744782806e-37 
0.172 171 0 4 0.018318222057014843 2.041005786793125e-37 
0.172 171 0 5 0.01831822213042976 1.8204478544813347e-37 
0.173 172 0 0 0.01831822258447846 4.520126162078514e-37 
0.173 172 0 1 0.01832633740202402 2.293056851116768e-37 
0.173 172 0 2 0.01832633443638426 2.6386854077583566e-37 
0.173 172 0 3 0.018326335687093426 1.5866290564510533e-37 
0.173 172 0 4 0.018326336988172133 1.8561308759080105e-37 
0.173 172 0 5 0.018326335710442367 1.1126473968854141e-37 
0.174 173 0 0 0.018326335579915188 1.121449699501134e-37 
0.174 173 0 1 0.018334439171515615 4.092087939499117e-37 
0.174 173 0 2 0.018334441487133944 3.5154137474816522e-37 
0.174 173 0 3 0.0183344434991872 2.211600905807384e-37 
0.174 173 0 4 0.01833444078492312 1.00646376052397e-37 
0.174 173 0 5 0.018334442144524534 2.5629313038613576e-37 
0.175 174 0 0 0.018334439000142082 8.731974925157448e-38 
0.175 174 0 1 0.01834253341851956 1.1156612115315918e-37 
0.175 174 0 2 0.01834253525986482 9.85468512009546e-38 
0.175 174 0 3 0.01834253665615397 1.090742999940321e-37 
0.175 174 0 4 0.01834253679096454 1.237321131451163e-37 
0.175 174 0 5 0.018342537621152247 2.5460338654396667e-37 
0.176 175 0 0 0.018342537798420176 3.82335985543945e-37 
0.176 175 0 1 0.018350630015112536 3.6040378108775347e-37 
0.176 175 0 2 0.018350629289948104 1.7271264284382658e-37 
0.176 175 0 3 0.018350626319157116 2.9689458330572962e-37 
0.176 175 0 4 0.01835062787251963 2.896184202030862e-37 
0.176 175 0 5 0.018350627508787618 5.853080437749245e-37 
0.177 176 0 0 0.018350626987231 1.0516559746638206e-37 
0.177 176 0 1 0.018358709069977244 3.0237243416508337e-37 
0.177 176 0 2 0.018358709901184257 1.8174502808843587e-37 
0.177 176 0 3 0.01835870998871736 3.548822062130666e-37 
0.177 176 0 4 0.018358709644811025 9.081634579787242e-38 
0.177 176 0 5 0.01835870724982164 1.0978287917420412e-37 
0.178 177 0 0 0.018358710519335728 3.7066854347789186e-38 
0.178 177 0 1 0.018366790465342266 1.0152860974346202e-37 
0.178 177 0 2 0.018366786752079714 1.54823283393126e-37 
0.178 177 0 3 0.018366787112316006 9.819141955262016e-38 
0.178 177 0 4 0.018366787667199895 1.7103581056570774e-37 
0.178 177 0 5 0.018366788684111304 1.0286758756053368e-37 
0.179 178 0 0 0.01836678649603564 2.2366046750995876e-37 
0.179 178 0 1 0.01837485323425868 2.952976047212495e-37 
0.179 178 0 2 0.01837485573966414 1.6318855457977189e-37 
0.179 178 0 3 0.018374853235531317 2.515867959255315e-37 
0.179 178 0 4 0.018374854566121798 1.134762675236404e-37 
0.179 178 0 5 0.018374852586478963 1.7312918792078715e-37 
0.180 179 0 0 0.018374855118819883 7.622539960164055e-38 
0.180 179 0 1 0.018382912316376482 2.3705574983872396e-37 
0.180 179 0 2 0.018382915897950464 2.2885310564470605e-37 
0.180 179 0 3 0.018382917743359945 3.3421795350435613e-37 
0.180 179 0 4 0.018382914602775188 1.4746134681148125e-37 
0.180 179 0 5 0.018382916559372818 3.4305926679881004e-37 
0.181 180 0 0 0.018382915797226427 5.844162876750955e-38 
0.181 180 0 1 0.018390967858010056 2.4086896181854623e-37 
0.181 180 0 2 0.018390968523802002 1.2942057005521807e-37 
0.181 180 0 3 0.0183909696805 9.777540977167296e-38 
0.181 180 0 4 0.01839096896028185 1.2707714710411223e-37 
0.181 180 0 5 0.018390966743565298 1.2250815670859334e-37 
0.182 181 0 0 0.01839097007750927 1.2205305195947057e-37 
0.182 181 0 1 0.018399013780963338 3.944146288530548e-37 
0.182 181 0 2 0.018399016390711658 1.4460772580314862e-37 
0.182 181 0 3 0.018399013668333925 1.4201482968643906e-37 
0.182 181 0 4 0.01839901400311086 1.827435772591814e-37 
0.182 181 0 5 0.01839901594365924 8.782313654496377e-38 
0.183 182 0 0 0.018399014988400998 1.0151473170221874e-37 
0.183 182 0 1 0.018407053705932982 1.5531817506722694e-37 
0.183 182 0 2 0.018407054036667186 2.0056861500842178e-37 
0.183 182 0 3 0.018407050517438604 1.3655149557852648e-37 
0.183 182 0 4 0.01840705211176764 2.570834753317011e-37 
0.183 182 0 5 0.018407054269494027 2.5882384948868475e-37 
0.184 183 0 0 0.018407050945785812 1.2609598012805681e-36 
0.184 183 0 1 0.018415083458098044 2.418419372923178e-37 
0.184 183 0 2 0.01841508042674676 2.8175630064433924e-37 
0.184 183 0 3 0.01841508010993789 2.0582288169130027e-37 
0.184 183 0 4 0.01841508129910638 2.8428124919981222e-37 
0.184 183 0 5 0.0184150820348458 1.9973520185520465e-37 
0.185 184 0 0 0.01841507911435305 1.5246942316052118e-37 
0.185 184 0 1 0.0184230980280899 1.217242787554408e-37 
0.185 184 0 2 0.018423102858708993 1.8394340263549947e-37 
0.185 184 0 3 0.018423103972712355 1.3023442248317172e-37 
0.185 184 0 4 0.01842310134287704 1.4428819191822403e-37 
0.185 184 0 5 0.018423100802305473 1.0990053009132113e-37 
0.186 185 0 0 0.01842310197574673 1.5033084798265957e-37 
0.186 185 0 1 0.018431116478399477 4.933552239030077e-37 
0.186 185 0 2 0.01843111771068953 2.973215869737787e-37 
0.186 185 0 3 0.01843111785723814 2.3672751248903745e-37 
0.186 185 0 4 0.01843111758392233 1.1632058250887144e-37 
0.186 185 0 5 0.018431118345041644 1.36567914592633e-37 
0.187 186 0 0 0.018431118658238377 9.70050361017151e-38 
0.187 186 0 1 0.01843912946023216 3.6559245158821832e-37 
0.187 186 0 2 0.01843912835766317 2.049886060388783e-37 
0.187 186 0 3 0.018439125797065505 1.7105836096124488e-37 
0.187 186 0 4 0.01843912203613619 1.3965426955576374e-37 
0.187 186 0 5 0.018439128232286536 1.15864183102287e-37 
0.188 187 0 0 0.018439125901687378 4.6234781541986583e-38 
0.188 187 0 1 0.01844712301950452 1.0876723065894767e-37 
0.188 187 0 2 0.01844712796880276 7.82529091276727e-38 
0.188 187 0 3 0.018447124969420466 1.9769453153926393e-37 
0.188 187 0 4 0.018447128016493397 9.214697327739516e-38 
0.188 187 0 5 0.018447127241374175 1.8371793371258959e-37 
0.189 188 0 0 0.018447124554488232 6.598771179235734e-38 
0.189 188 0 1 0.018455118781164216 1.8846589654667354e-37 
0.189 188 0 2 0.018455119391166366 2.1580229666796493e-37 
0.189 188 0 3 0.01845511571541639 1.7359291681898923e-37 
0.189 188 0 4 0.01845511774560864 1.6132472953132736e-37 
0.189 188 0 5 0.0184551179536856 2.1304077249795393e-37 
0.190 189 0 0 0.01845511831979179 2.010396234530358e-37 
0.190 189 0 1 0.018463105637569255 2.6576717407813404e-37 
0.190 189 0 2 0.01846310282881305 2.2997268075991992e-37 
0.190 189 0 3 0.01846310338193058 2.6646992876123914e-37 
0.190 189 0 4 0.018463105678408823 1.951199616038708e-37 
0.190 189 0 5 0.018463103840610066 1.412848659910522e-37 
0.191 190 0 0 0.018463105029940877 1.4728516145771714e-37 
0.191 190 0 1 0.018471082472458593 2.7304095917728346e-37 
0.191 190 0 2 0.018471083684524065 2.6368748390580488e-37 
0.191 190 0 3 0.018471084770020373 1.882934471524599e-37 
0.191 190 0 4 0.018471083782988198 1.7279601379661084e-37 
0.191 190 0 5 0.018471084606657067 2.3898951929871682e-37 
0.192 191 0 0 0.018471086663263917 1.0422271710600376e-37 
0.192 191 0 1 0.018479058409242296 2.2785391888315926e-37 
0.192 191 0 2 0.018479055762377163 1.5700167962798367e-37 
0.192 191 0 3 0.0184790572667318 2.5675474262300744e-37 
