-1 0 6.501884761416838 1.0126811102426405 0 0 
0 0.001 6.495894659795699 1.012738567895822 7.679097912331923e-16 
1 0.002 6.4899360661749785 1.0127960140106698 6.77897947573723e-16 
2 0.003 6.48400791753961 1.0128533381512976 1.7197075776814252e-16 
3 0.004 6.478112084764423 1.012910887308293 2.6299825229348147e-15 
4 0.005 6.4722465453851195 1.0129683996010106 1.7131478577091247e-15 
5 0.006 6.466412564291001 1.013026126285891 1.0096671705623872e-14 
6 0.007 6.460605093646512 1.0130833288577636 1.884926298348236e-15 
7 0.008 6.454829924311437 1.0131409664102025 5.728088043393021e-15 
8 0.009 6.449083519754938 1.0131985354935817 3.0951546257824816e-15 
9 0.010 6.443366649606639 1.0132562071377098 6.767934622713555e-15 
10 0.011 6.437675609932167 1.0133134481039063 1.2905424784152489e-15 
11 0.012 6.432013704334073 1.0133708264549823 1.4952566601889657e-17 
12 0.013 6.426377521800893 1.0134278527772482 9.190780979073711e-15 
13 0.014 6.420772357534492 1.0134854093520584 2.274997283829884e-15 
14 0.015 6.415193831349209 1.013542852418474 3.0147626696481083e-16 
15 0.016 6.4096419533835665 1.0136002294151465 1.0051181863849172e-17 
16 0.017 6.40411831442753 1.013657837479133 3.656503742575489e-15 
17 0.018 6.398622058196828 1.0137155865005305 9.109921002578313e-15 
18 0.019 6.393151467855845 1.0137732489344875 5.201599729703329e-15 
19 0.020 6.387705662285811 1.0138307284185086 4.0550348422534376e-16 
20 0.021 6.382285996514354 1.0138882828611393 1.4731616978930183e-15 
21 0.022 6.376890901260812 1.0139457055291385 1.3429314028888307e-17 
22 0.023 6.371521320096122 1.01400318826282 3.237361911823105e-16 
23 0.024 6.366175473820848 1.0140604893066425 1.1285808920070035e-15 
24 0.025 6.360855334906294 1.0141179636040907 1.461502415196873e-16 
25 0.026 6.355559842917318 1.0141754828388116 4.456846893331543e-16 
26 0.027 6.350287529666713 1.0142328525640538 4.005425411129742e-16 
27 0.028 6.345040019117952 1.0142903714054403 4.502961788530632e-16 
28 0.029 6.339815295824982 1.0143477562247514 3.866123359663363e-16 
29 0.030 6.334615892582457 1.0144054507102072 3.636639747907141e-15 
30 0.031 6.329436945940786 1.0144627141506566 2.9560703100016762e-15 
31 0.032 6.32428176087381 1.014520113098012 4.694911235233308e-16 
32 0.033 6.3191526423354425 1.0145780550342842 1.474683936817109e-14 
33 0.034 6.314043847594778 1.0146356551462805 8.57683581852436e-16 
34 0.035 6.308958008167143 1.0146933719439766 3.4376998794105827e-15 
35 0.036 6.30389381788174 1.0147510312013233 1.6048865260352878e-15 
36 0.037 6.298853068024011 1.0148089566684306 1.2016034999509688e-14 
37 0.038 6.293833119363769 1.0148667583449937 5.534653570775376e-15 
38 0.039 6.28883092548836 1.0149239787433313 6.888083830771904e-15 
39 0.040 6.283853399309154 1.0149817670441932 4.040208187669935e-15 
40 0.041 6.278895150082324 1.015039286910665 7.150908463266958e-17 
41 0.042 6.273957573773315 1.0150967968116036 1.7003390950290863e-16 
42 0.043 6.269041133379716 1.0151544046033196 8.533737820663332e-17 
43 0.044 6.2641424062489515 1.0152115883638764 1.0700741530292562e-14 
44 0.045 6.259266325331031 1.0152691793275104 1.7027576909819215e-17 
45 0.046 6.254412054155513 1.0153270745216512 5.922551619604091e-15 
46 0.047 6.249575228859018 1.0153845971344035 5.513921464214107e-16 
47 0.048 6.2447602455536435 1.0154424921620935 5.039334084255971e-15 
48 0.049 6.239962759165246 1.0155000841434656 1.3342540720454523e-16 
49 0.050 6.235185680326672 1.015557876795359 1.5812344622227989e-15 
50 0.051 6.230428020747838 1.0156157395735648 2.801583198656517e-15 
51 0.052 6.225686892204872 1.0156732311879915 2.0928413432133492e-15 
52 0.053 6.220965552464752 1.0157309120469316 1.7183883036614637e-17 
53 0.054 6.216261895374044 1.01578846753556 1.3993569344088222e-15 
54 0.055 6.2115782518642 1.0158463073200654 1.1028900029204219e-15 
55 0.056 6.206913396240349 1.015904259936128 3.4780911325913153e-15 
56 0.057 6.202265534363233 1.0159620599181505 2.6497764571677425e-16 
57 0.058 6.197634431000273 1.0160196961825432 8.753990506464198e-16 
58 0.059 6.193019831640489 1.0160771541304083 6.248357437733664e-15 
59 0.060 6.188424514336182 1.0161349167489102 1.2187962479822315e-17 
60 0.061 6.183846132550137 1.0161926261333698 4.604516738332247e-16 
61 0.062 6.179284387405367 1.0162502596897796 1.879068047480176e-15 
62 0.063 6.174740707883274 1.0163080788421917 1.796931354245753e-17 
63 0.064 6.170214991860635 1.0163660933398022 2.1537351982698733e-15 
64 0.065 6.165705421909648 1.0164240298963059 5.554761626243241e-16 
65 0.066 6.161211009267118 1.0164817507873964 1.4077344734532773e-15 
66 0.067 6.156733061116166 1.0165394966572343 1.2047859251121176e-15 
67 0.068 6.1522726008941335 1.0165974617392377 3.674201738380645e-16 
68 0.069 6.1478291585678555 1.0166555936225627 3.2410848751310504e-15 
69 0.070 6.143402332069496 1.0167138507042701 7.325462181853064e-15 
70 0.071 6.138989139098851 1.0167717636281064 6.261486671341333e-17 
71 0.072 6.134591849558419 1.0168297318874409 1.3411084254229251e-17 
72 0.073 6.130211273352807 1.016887913765239 2.6682716133565e-15 
73 0.074 6.125846594571066 1.0169461978715897 5.547429833622423e-15 
74 0.075 6.121495906228068 1.0170042909479462 4.2522897530666243e-16 
75 0.076 6.117162422851347 1.0170627501053988 1.2021477779234301e-14 
76 0.077 6.112842676797943 1.017121022059209 3.228420512955714e-15 
77 0.078 6.1085360967677955 1.0171790338786164 2.105951128857086e-16 
78 0.079 6.104245511881366 1.0172372788313693 1.7631403403300318e-15 
79 0.080 6.099966696395218 1.0172950749014817 6.067206856511913e-15 
80 0.081 6.095704493618648 1.017353251364416 1.979889400346833e-16 
81 0.082 6.091457721792614 1.017411633448166 3.84590491466768e-15 
82 0.083 6.087223100120436 1.0174696947671047 7.308586972154822e-16 
83 0.084 6.083004457993992 1.0175280964725275 3.1821986245416747e-15 
84 0.085 6.07879792170904 1.017586211983586 5.540055295533427e-16 
85 0.086 6.074605472944604 1.0176443935381474 9.176489883164141e-17 
86 0.087 6.070426239335278 1.017702515730184 8.764461005360327e-16 
87 0.088 6.066262183965888 1.0177609282770477 1.4848287353434173e-15 
88 0.089 6.062109073434326 1.0178189413395489 4.560859417684065e-15 
89 0.090 6.057972338721151 1.0178774866559606 3.607540125298453e-15 
90 0.091 6.053848731228116 1.017936039068996 3.034287575596525e-15 
91 0.092 6.049736677790775 1.0179943535854927 7.403802072923291e-17 
92 0.093 6.045640640703692 1.0180532006254912 1.4107844125688084e-14 
93 0.094 6.041553953808039 1.018111477324534 7.651687631609966e-16 
94 0.095 6.037482171929124 1.0181701383469532 3.8967644203897216e-15 
95 0.096 6.033420984537051 1.018228476032428 5.435206514120808e-16 
96 0.097 6.029373184453163 1.0182869801258225 1.376497435537422e-16 
97 0.098 6.0253370346952675 1.0183453760231178 4.767861892336596e-16 
98 0.099 6.0213140975538195 1.0184039461465242 2.3854207174287576e-16 
99 0.100 6.017302845255821 1.0184624505380977 3.2021685271291354e-17 
100 0.101 6.0133040848928445 1.0185210438320054 1.226295467843649e-16 
101 0.102 6.009313799988144 1.0185790633294358 1.859103400712598e-14 
102 0.103 6.005339376188937 1.0186377782919342 8.24292096921706e-16 
103 0.104 6.0013748285280775 1.0186961918737898 2.6175461895557127e-15 
104 0.105 5.997424118372862 1.0187549937236946 1.491476868575504e-15 
105 0.106 5.993484011976104 1.0188136522147306 2.7768371129868135e-17 
106 0.107 5.989554831358255 1.018872238888479 8.533696170716437e-16 
107 0.108 5.98563766263784 1.0189309553911325 1.2923896002511226e-17 
108 0.109 5.981731962855872 1.0189897262582386 2.42520595247789e-17 
109 0.110 5.977837911265898 1.0190485987570879 4.788673488807344e-16 
110 0.111 5.973953327244688 1.019107217545436 2.050544149559159e-15 
111 0.112 5.970081347139187 1.019166133782447 4.2428595214179323e-16 
112 0.113 5.966219411371501 1.019224926971053 2.6343320711021667e-16 
113 0.114 5.962369999014592 1.019284036637047 3.119491360662979e-15 
114 0.115 5.958529868354397 1.0193429247105503 5.55712332274312e-17 
115 0.116 5.954699944773241 1.019401764827995 6.551926964158986e-16 
116 0.117 5.950881555596798 1.0194607998153018 2.712809214710381e-16 
117 0.118 5.947073345417027 1.0195198131150711 2.256082963406681e-17 
118 0.119 5.943275631290436 1.0195788743246192 6.587847770372932e-17 
119 0.120 5.939489183686382 1.0196381309210747 2.412997846378768e-15 
120 0.121 5.935712099394592 1.0196972713283157 2.0709874461646128e-16 
121 0.122 5.9319456534344654 1.0197565293227477 1.2943748626815939e-15 
122 0.123 5.928189320219198 1.01981582942661 1.3721853447441302e-15 
123 0.124 5.924442037456252 1.0198750034144017 7.706530810383868e-18 
124 0.125 5.92070412607484 1.0199341207337371 4.627319958209387e-16 
125 0.126 5.9169764232181254 1.0199933398690493 1.8406323076058462e-17 
126 0.127 5.913260066149802 1.020052871371057 4.34148731434774e-15 
127 0.128 5.909552232616452 1.0201122427316327 3.371691498146889e-16 
128 0.129 5.905855691721991 1.020171945853193 8.134635679806985e-15 
129 0.130 5.902166754967427 1.0202313576047213 1.7202947024152205e-16 
130 0.131 5.898486054979194 1.0202906004627432 1.2132410216257064e-15 
131 0.132 5.894815120410877 1.020349952201789 2.6929693358121203e-16 
132 0.133 5.891156030123097 1.0204097865220045 8.279073857103382e-15 
133 0.134 5.8875035711015125 1.0204692141192115 2.1014292400098666e-16 
134 0.135 5.883860218278103 1.0205286765834078 1.561156550045041e-16 
135 0.136 5.8802276689308055 1.0205884816024478 3.662602731775091e-15 
136 0.137 5.876600697671133 1.0206477352388557 6.090566214190258e-15 
137 0.138 5.872983518883838 1.020707181619492 1.573973298835657e-15 
138 0.139 5.869375645557156 1.0207667491157992 3.2895150424225283e-16 
139 0.140 5.865775675862591 1.0208262065745453 3.012777997868605e-15 
140 0.141 5.862185118425693 1.020885828947048 4.771345883949253e-16 
141 0.142 5.8586041618422176 1.0209456617667196 3.699139738004179e-16 
142 0.143 5.855030261422937 1.0210052739343316 1.7867963920850213e-15 
143 0.144 5.851466123801661 1.0210651494198735 1.820847151620712e-16 
144 0.145 5.847909282427365 1.021124870059276 1.0076687523092853e-15 
145 0.146 5.84436061428347 1.0211846006712313 1.4129669450624996e-15 
146 0.147 5.840819796197969 1.0212442965558575 2.934166593885745e-15 
147 0.148 5.837286124443145 1.0213038461970911 9.378395040260815e-15 
148 0.149 5.833762438728339 1.02136375804812 4.2240020179760593e-16 
149 0.150 5.830248158961224 1.021423942668411 1.2116378339673291e-15 
150 0.151 5.826742132814312 1.0214842099482964 2.0359969862395258e-15 
151 0.152 5.823242476822683 1.0215442409038313 3.120695882846298e-16 
152 0.153 5.819752959824985 1.0216047078110948 5.930738353714774e-15 
153 0.154 5.816271110687584 1.0216651885181132 5.246520440895958e-15 
154 0.155 5.81279488917294 1.021725335392309 2.6564336002291493e-16 
155 0.156 5.809326652661775 1.0217855732670513 2.596489243705866e-17 
156 0.157 5.805867419311129 1.0218460922801298 2.7254982883804845e-15 
157 0.158 5.802416008223098 1.0219066956701475 4.206557197952441e-15 
158 0.159 5.798970001686101 1.0219669680895043 5.037575822928224e-16 
159 0.160 5.795532281400395 1.0220274275418937 1.5711467151393247e-16 
160 0.161 5.792102015804138 1.0220879380314423 1.9402388914417997e-16 
161 0.162 5.788677600408508 1.0221482266255149 2.2629020542734116e-15 
162 0.163 5.7852603904073305 1.022208542534477 2.449659627329892e-15 
163 0.164 5.7818492766971366 1.0222686998151174 9.084322386782688e-15 
164 0.165 5.778448463021516 1.022329451899469 1.1336027219417066e-15 
165 0.166 5.775053951290944 1.022390102058306 4.745095132947857e-18 
166 0.167 5.771664114349556 1.0224503716721258 9.46111571226001e-15 
167 0.168 5.768283408772085 1.0225110597368408 1.0383506004490756e-16 
168 0.169 5.76490762565021 1.0225714301462563 8.610436944662418e-15 
169 0.170 5.761541069460919 1.0226322558674212 2.225237144733809e-17 
170 0.171 5.758182023518718 1.0226932423655042 9.264351482706084e-16 
171 0.172 5.754829435874795 1.0227542123923135 2.8040740256980603e-16 
172 0.173 5.751481719764044 1.0228148930444234 3.682265167958723e-15 
173 0.174 5.7481424045071545 1.0228759210319185 1.6363082410485114e-16 
174 0.175 5.744810203598683 1.0229370770884565 9.809532375177483e-16 
175 0.176 5.7414864341238285 1.0229986051959357 1.1908449352491213e-14 
176 0.177 5.738166475862981 1.023059691307262 2.797197387327149e-17 
177 0.178 5.734855126936792 1.0231211994803635 6.688557590912318e-15 
178 0.179 5.731547098749477 1.0231821952352256 2.2240172494852118e-15 
179 0.180 5.728245121159857 1.0232431739728298 3.6668376547986976e-15 
180 0.181 5.724950958520969 1.023304459693918 8.491164146145648e-18 
181 0.182 5.721662158314013 1.0233656229171517 1.408044166265874e-15 
182 0.183 5.7183805123192215 1.0234269925964303 1.910411509469753e-17 
183 0.184 5.715106612513859 1.0234886835717125 4.382111250293178e-15 
184 0.185 5.711837774803829 1.023550223825817 3.2486940213118544e-16 
185 0.186 5.708574787950941 1.0236117627889068 6.822791010371525e-17 
186 0.187 5.705319397513932 1.023673621862889 5.138391045522888e-15 
187 0.188 5.7020699437735205 1.023735511806451 4.610226722558296e-15 
188 0.189 5.698825151196777 1.0237972115892542 1.701075397570947e-16 
189 0.190 5.695586979807784 1.0238590811829353 1.7532670727033371e-15 
190 0.191 5.692354535244845 1.0239209679517807 1.1100953481732627e-15 
