0.2 0 0 0 0.01682403348157394 1.851555404088103e-33 
0.2 0 0 1 0.01905757187739917 3.507670073534318e-32 
0.2 0 0 2 0.018759510025511114 2.0943174530274143e-32 
0.2 0 0 3 0.018812163291034564 4.538443510823516e-32 
0.4 1 0 0 0.01880589771691195 8.557177553939934e-33 
0.4 1 0 1 0.019468482989208155 1.5659652135768048e-31 
0.4 1 0 2 0.02116576415594483 4.3326594126534535e-32 
0.4 1 0 3 0.020473331761775453 3.258107112724977e-32 
0.6 2 0 0 0.020466401581708888 4.781758054082703e-31 
0.6 2 0 1 0.026275856700953965 1.6753163026294956e-29 
0.6 2 0 2 1.3291452753723827 6.233850043992606e-29 
0.6 2 0 3 0.9971349762140356 1.0515250088263762e-28 
0.8 3 0 0 0.6991465811086404 3.159006591281163e-30 
0.8 3 0 1 0.4163325749486027 2.6903448786363438e-27 
0.8 3 0 2 162.76690572456067 6.808752137869096e-23 
0.8 3 0 3 265.0049625921822 2.1148368218022463e-17 
1.0 4 0 0 392.0592143136385 1.702080846916631e-11 
1.0 4 0 1 982302.5581418483 15660.780673919224 
1.0 4 0 2 797429735636.8317 254024384545.36606 
1.0 4 0 3 1462696329873.3538 512795941152.94037 
1.2 5 0 0 995519231059.6036 5.797940523955687e-19 
1.2 5 0 1 664318171427.8584 24378249903.46758 
1.2 5 0 2 984791432118.3759 17211200685.432327 
1.2 5 0 3 715788071070.7793 109142180003.61334 
1.4 6 0 0 803305549779.784 9.711100391372546e-20 
1.4 6 0 1 773064302965.6626 3.623977525268321e-19 
1.4 6 0 2 803305561087.9393 1.4468381530287518e-19 
1.4 6 0 3 773064308247.2533 3.083729323597688e-20 
1.6 7 0 0 803305564347.1011 5.027272890852281e-20 
1.6 7 0 1 773064308719.9266 3.2602827535410054e-19 
1.6 7 0 2 803305577969.0714 2.0666280424024846e-20 
1.6 7 0 3 773064305314.4341 4.615667818045893e-19 
1.8 8 0 0 803305571158.0858 3.20747554323562e-19 
1.8 8 0 1 773064310747.3677 6450168787.682369 
1.8 8 0 2 786734662530.6298 5552169724.222884 
1.8 8 0 3 795451265858.2183 1593270331.421489 
2.0 9 0 0 787525427873.9489 3.308722450212111e-20 
2.0 9 0 1 760056744514.4939 2.6430074932294335e-19 
2.0 9 0 2 787525415915.2021 1.0964444455512895e-19 
2.0 9 0 3 760056747248.2388 26916665943.030663 
