0.001 0 0 0 0.016808208964670137 4.3791328809000384e-38 
0.001 0 0 1 0.01681766992932161 3.887066568634646e-37 
0.001 0 0 2 0.016817664667689823 5.4882015678176345e-37 
0.001 0 0 3 0.01681766491873792 1.3000179155373864e-36 
0.001 0 0 4 0.016817664904758778 2.429878365790433e-37 
0.001 0 0 5 0.016817662374989783 2.4135669314350163e-37 
0.002 1 0 0 0.016817662209293385 7.254608912625737e-38 
0.002 1 0 1 0.016827112066502833 8.632886443351694e-37 
0.002 1 0 2 0.016827108352053456 3.4025363584663933e-37 
0.002 1 0 3 0.01682710797456661 4.2798996490475835e-37 
0.002 1 0 4 0.01682710786045694 2.6276641766587353e-37 
0.002 1 0 5 0.016827106384757786 4.691799250458157e-37 
0.003 2 0 0 0.016827107877674524 1.4345546319859693e-37 
0.003 2 0 1 0.016836551909915794 7.586689235914653e-37 
0.003 2 0 2 0.016836546333579627 4.710989008567987e-37 
0.003 2 0 3 0.016836545252735275 5.91187077641552e-37 
0.003 2 0 4 0.016836544190250102 5.7234395590527114e-37 
0.003 2 0 5 0.0168365432442785 7.150109619580899e-37 
0.004 3 0 0 0.01683654831387913 3.3654711254813964e-37 
0.004 3 0 1 0.01684597676935357 7.222160216868279e-37 
0.004 3 0 2 0.016845979550682226 8.485470230608871e-37 
0.004 3 0 3 0.01684598008197762 3.097663717211005e-37 
0.004 3 0 4 0.016845978982532327 2.367816073747226e-37 
0.004 3 0 5 0.01684597790785723 4.020832652594213e-37 
0.005 4 0 0 0.01684597774588665 3.881278455486036e-37 
0.005 4 0 1 0.016855393468449865 7.891948965493036e-37 
0.005 4 0 2 0.016855398780105803 5.912023999507633e-37 
0.005 4 0 3 0.01685539836334817 3.990928653560851e-37 
0.005 4 0 4 0.016855402457713508 3.019794426874625e-37 
0.005 4 0 5 0.016855399176736705 2.4078492052508295e-37 
0.006 5 0 0 0.01685540022477031 3.8144404916173154e-38 
0.006 5 0 1 0.016864812705343034 1.0170703413310297e-36 
0.006 5 0 2 0.016864814317114667 3.551700707855404e-37 
0.006 5 0 3 0.016864813750000106 4.497821094422529e-37 
0.006 5 0 4 0.016864814831156788 7.510036183363444e-37 
0.006 5 0 5 0.016864813426497826 3.36127193169045e-37 
0.007 6 0 0 0.016864813512792707 5.368533183889644e-37 
0.007 6 0 1 0.016874218571860295 3.408560615441922e-37 
0.007 6 0 2 0.016874221302341036 2.786336407619086e-37 
0.007 6 0 3 0.016874219996668337 2.8265222441038535e-37 
0.007 6 0 4 0.016874220119342188 4.024545538499638e-37 
0.007 6 0 5 0.016874218851506907 3.2644766572504193e-37 
0.008 7 0 0 0.016874217654219478 4.3849599425039877e-38 
0.008 7 0 1 0.016883613165041302 7.283745462947974e-37 
0.008 7 0 2 0.01688361557301634 5.504849811302968e-37 
0.008 7 0 3 0.01688361650232579 6.139771067727058e-37 
0.008 7 0 4 0.01688361566083361 2.074116830423823e-37 
0.008 7 0 5 0.01688361568750912 2.6590042446870876e-37 
0.009 8 0 0 0.01688361443360186 7.193060279562174e-38 
0.009 8 0 1 0.016893001403784972 6.977024201753448e-37 
0.009 8 0 2 0.016893003612011293 1.0824349943699852e-36 
0.009 8 0 3 0.01689300364143069 6.8365947094301815e-37 
0.009 8 0 4 0.016893003437150833 5.040439634083081e-37 
0.009 8 0 5 0.016893004390585397 8.760265154257368e-37 
0.010 9 0 0 0.016893004409033123 1.122531983170506e-37 
0.010 9 0 1 0.016902382235704845 4.160277114697034e-37 
0.010 9 0 2 0.01690238552517467 4.537645383820039e-37 
0.010 9 0 3 0.016902387759798146 5.193851863828832e-37 
0.010 9 0 4 0.016902389812955217 4.411957720482573e-37 
0.010 9 0 5 0.016902386384367616 2.096020679986704e-37 
0.011 10 0 0 0.016902386219302245 1.3786503472686843e-37 
0.011 10 0 1 0.016911758105021383 5.723207336199634e-37 
0.011 10 0 2 0.016911759231738238 4.783967169854748e-37 
0.011 10 0 3 0.01691175679728902 5.331798677305001e-37 
0.011 10 0 4 0.01691175979918358 4.07027508839741e-37 
0.011 10 0 5 0.016911757642484017 4.1160686107106835e-37 
0.012 11 0 0 0.016911759287643793 3.5853638982229845e-37 
0.012 11 0 1 0.016921126912165033 8.533414129029996e-37 
0.012 11 0 2 0.0169211251687554 3.8579829558161365e-37 
0.012 11 0 3 0.016921122331333915 3.680274475657113e-37 
0.012 11 0 4 0.016921125578820063 3.17196463056058e-37 
0.012 11 0 5 0.016921125572548712 3.56607290495972e-37 
0.013 12 0 0 0.016921127033987765 1.0136046351787942e-37 
0.013 12 0 1 0.016930486991416357 6.230695402757352e-37 
0.013 12 0 2 0.016930484550761946 5.232444994509828e-37 
0.013 12 0 3 0.016930484360664275 4.2695544739285105e-37 
0.013 12 0 4 0.016930483266137553 1.9425603503427353e-37 
0.013 12 0 5 0.01693048434196874 4.565296312048762e-37 
0.014 13 0 0 0.016930484188935575 3.4563437163610137e-37 
0.014 13 0 1 0.01693983827358226 5.79728119916e-37 
0.014 13 0 2 0.016939831987922704 2.2008776576086197e-37 
0.014 13 0 3 0.01693983230439731 3.866399809061997e-37 
0.014 13 0 4 0.016939834188086242 3.065678743639723e-37 
0.014 13 0 5 0.01693983392153801 2.191900622164472e-37 
0.015 14 0 0 0.01693983558792918 4.234384657756514e-38 
0.015 14 0 1 0.01694917038759178 7.637478184797089e-37 
0.015 14 0 2 0.01694917626858021 4.4786602107363895e-37 
0.015 14 0 3 0.016949176054300377 1.0168093616767771e-36 
0.015 14 0 4 0.01694917739118346 5.727584763686944e-37 
0.015 14 0 5 0.01694917632311887 1.8319022596030238e-37 
0.016 15 0 0 0.01694917719208085 4.864549860227289e-38 
0.016 15 0 1 0.01695850939279713 8.77984185410442e-37 
0.016 15 0 2 0.01695851037923485 4.735386767926725e-37 
0.016 15 0 3 0.016958510483236166 2.3090385978102957e-37 
0.016 15 0 4 0.016958510606798653 2.134552012201181e-37 
0.016 15 0 5 0.016958509681620573 6.779963328687322e-37 
0.017 16 0 0 0.01695851162811371 5.688085617462635e-38 
0.017 16 0 1 0.016967833269377217 6.12404273206677e-37 
0.017 16 0 2 0.01696783716508222 1.4444631083297397e-36 
0.017 16 0 3 0.0169678416871868 1.8638133028264673e-37 
0.017 16 0 4 0.016967835929022332 3.037865443618906e-37 
0.017 16 0 5 0.01696783763370798 5.1656144809714524e-37 
0.018 17 0 0 0.016967836137770382 1.7728225162797872e-37 
0.018 17 0 1 0.01697715197020929 5.708207889657764e-37 
0.018 17 0 2 0.01697715555186482 2.8114846961267355e-37 
0.018 17 0 3 0.016977154089731328 2.5530248747269764e-37 
0.018 17 0 4 0.01697715424314069 4.0922693494087794e-37 
0.018 17 0 5 0.016977153968119173 3.6840619356904166e-37 
0.019 18 0 0 0.016977157317678473 4.0136548485247237e-38 
0.019 18 0 1 0.016986469252413185 5.120467291591286e-37 
0.019 18 0 2 0.016986464095271197 7.437902111702373e-37 
0.019 18 0 3 0.016986467142789702 6.7249238370129195e-37 
0.019 18 0 4 0.016986464752174742 2.5912499671750605e-37 
0.019 18 0 5 0.016986468392386107 3.0896129531585593e-37 
0.020 19 0 0 0.016986466841752396 9.229245964468268e-38 
0.020 19 0 1 0.016995769704260335 9.712326596474529e-37 
0.020 19 0 2 0.0169957673948558 2.3765436921598157e-37 
0.020 19 0 3 0.016995768852914223 6.294608620432969e-37 
0.020 19 0 4 0.01699576599200809 3.2720962981701086e-37 
0.020 19 0 5 0.016995768713185457 1.91350523910964e-37 
0.021 20 0 0 0.016995771002425965 1.2561141396958614e-37 
0.021 20 0 1 0.017005059233007623 6.4435769125777605e-37 
0.021 20 0 2 0.017005064107118256 5.159102748163968e-37 
0.021 20 0 3 0.017005061619993753 3.048654799714871e-37 
0.021 20 0 4 0.017005065091032657 4.074227339597449e-37 
0.021 20 0 5 0.017005063611254662 1.667306726724031e-37 
0.022 21 0 0 0.017005065190853385 8.089715340204637e-37 
0.022 21 0 1 0.01701434993829623 7.2704386806199584e-37 
0.022 21 0 2 0.017014349586235163 3.573643435677843e-37 
0.022 21 0 3 0.017014349570362977 2.896672402592378e-37 
0.022 21 0 4 0.017014351917110104 6.392192730718649e-37 
0.022 21 0 5 0.017014349231925206 3.273789371935335e-37 
0.023 22 0 0 0.017014352611416626 2.6197096340940532e-37 
0.023 22 0 1 0.017023628283249177 3.2341834938429143e-37 
0.023 22 0 2 0.01702362960070459 3.7335382899776813e-37 
0.023 22 0 3 0.01702363078602453 5.495890841661366e-37 
0.023 22 0 4 0.017023631398796847 2.7626816162682277e-37 
0.023 22 0 5 0.017023629892767986 2.2183778036958383e-37 
0.024 23 0 0 0.017023628973705483 2.1301463758778728e-37 
0.024 23 0 1 0.01703289727268927 4.176335991704427e-37 
0.024 23 0 2 0.017032897435389313 7.809268608445553e-37 
0.024 23 0 3 0.01703289783314801 3.938992572018977e-37 
0.024 23 0 4 0.017032896167104503 3.071140449132286e-37 
0.024 23 0 5 0.01703289705919247 4.500313403693323e-37 
0.025 24 0 0 0.017032897329712658 3.7915496029960076e-38 
0.025 24 0 1 0.017042157555980916 5.251927866258094e-37 
0.025 24 0 2 0.01704215820753935 6.589585115859496e-37 
0.025 24 0 3 0.017042156834917395 2.7911535395949746e-37 
0.025 24 0 4 0.01704215818385854 1.7137902131497249e-37 
0.025 24 0 5 0.017042159166389383 2.0441175920513837e-37 
0.026 25 0 0 0.017042158249950177 6.319311355248875e-38 
0.026 25 0 1 0.01705141009702028 5.9498309449181846e-37 
0.026 25 0 2 0.017051409631680944 2.340229833314659e-37 
0.026 25 0 3 0.01705141280799394 9.56234880278536e-37 
0.026 25 0 4 0.017051412564575676 4.3873484067457205e-37 
0.026 25 0 5 0.017051411786146223 1.5782441033268267e-37 
0.027 26 0 0 0.017051412984792715 1.5962707312737612e-37 
0.027 26 0 1 0.01706065539238225 3.1297610825216975e-37 
0.027 26 0 2 0.017060655854497796 7.66645256000021e-37 
0.027 26 0 3 0.017060658079585747 3.2338990004770644e-37 
0.027 26 0 4 0.01706065894469586 2.8056148350873277e-37 
0.027 26 0 5 0.01706065921549998 2.0321914618064447e-37 
0.028 27 0 0 0.01706065958149571 7.785372592876401e-37 
0.028 27 0 1 0.017069895487691295 5.036557511521548e-37 
0.028 27 0 2 0.01706989659241242 2.2703770106339787e-37 
0.028 27 0 3 0.01706989781057484 3.909251220295703e-37 
0.028 27 0 4 0.01706989646175818 3.5421997576783257e-37 
0.028 27 0 5 0.017069897793609252 2.7838424356406103e-37 
0.029 28 0 0 0.017069893312095605 1.0323915578470056e-37 
0.029 28 0 1 0.0170791224278622 5.115624610352197e-37 
0.029 28 0 2 0.017079124528861737 4.097307214883529e-37 
0.029 28 0 3 0.017079125493612915 2.9509967472882864e-37 
0.029 28 0 4 0.017079121556984926 2.996346672589119e-37 
0.029 28 0 5 0.01707912214706354 2.4591225228892917e-37 
0.030 29 0 0 0.0170791229672526 7.570540493342523e-38 
0.030 29 0 1 0.01708834334746336 8.970442989104672e-37 
0.030 29 0 2 0.017088343739191 2.5594337745603742e-37 
0.030 29 0 3 0.017088342019821647 4.650682830087775e-37 
0.030 29 0 4 0.017088342652885256 3.3886166765878873e-37 
0.030 29 0 5 0.017088344973561466 1.7902837489655102e-37 
0.031 30 0 0 0.017088346618965945 1.3724029604958751e-37 
0.031 30 0 1 0.01709755690139594 9.250026755583538e-37 
0.031 30 0 2 0.017097558214861447 1.7695503606572085e-37 
0.031 30 0 3 0.017097561468483975 2.347568921637262e-37 
0.031 30 0 4 0.0170975606466502 1.924833901231591e-37 
0.031 30 0 5 0.01709756270879996 2.176071302039829e-37 
0.032 31 0 0 0.017097558288493044 4.972976294623491e-38 
0.032 31 0 1 0.017106764301701834 5.063941840254214e-37 
0.032 31 0 2 0.01710676172402497 7.0783176847155075e-37 
0.032 31 0 3 0.01710676222038576 3.497666848937379e-37 
0.032 31 0 4 0.0171067642935414 3.3991186251645787e-37 
0.032 31 0 5 0.01710676258596272 2.1333948335044208e-37 
0.033 32 0 0 0.01710676402680508 3.5682363982321425e-38 
0.033 32 0 1 0.01711595944000521 9.20139957327686e-37 
0.033 32 0 2 0.01711596197600764 5.190683634740525e-37 
0.033 32 0 3 0.017115960538134186 3.188412255459516e-37 
0.033 32 0 4 0.017115960417167665 2.474664755494301e-37 
0.033 32 0 5 0.017115961543949176 2.96203332932692e-37 
0.034 33 0 0 0.017115963156740337 1.2978748299214602e-37 
0.034 33 0 1 0.017125150256080433 4.869094520534431e-37 
0.034 33 0 2 0.017125151800754145 7.395692378025535e-37 
0.034 33 0 3 0.017125154481225695 4.17717873172506e-37 
0.034 33 0 4 0.017125151376142813 4.976286379317501e-37 
0.034 33 0 5 0.017125151573022624 1.3309794800042193e-37 
0.035 34 0 0 0.017125152435312027 3.8035782176762516e-38 
0.035 34 0 1 0.01713433423061829 2.055724302879967e-37 
0.035 34 0 2 0.017134333141257195 3.7143560133904314e-37 
0.035 34 0 3 0.017134333189815387 1.6809950926957147e-37 
0.035 34 0 4 0.0171343337957751 2.173343229666759e-37 
0.035 34 0 5 0.017134333577023084 2.785074449806046e-37 
0.036 35 0 0 0.017134333833481577 6.617428657666479e-38 
0.036 35 0 1 0.017143505190642814 3.6026430236341055e-37 
0.036 35 0 2 0.01714350788319116 2.1543501099801504e-37 
0.036 35 0 3 0.017143506069926012 2.6722847894529818e-37 
0.036 35 0 4 0.017143506449896328 1.6764913881825807e-37 
0.036 35 0 5 0.01714350808944996 1.872771959037015e-37 
0.037 36 0 0 0.01714350589357396 1.6317997016516737e-37 
0.037 36 0 1 0.01715267220334987 7.76543384455367e-37 
0.037 36 0 2 0.017152672487127686 1.2322141762693467e-37 
0.037 36 0 3 0.017152672735031155 3.804131341565649e-37 
0.037 36 0 4 0.01715267282231896 6.388630639656262e-37 
0.037 36 0 5 0.0171526714256125 4.255521778763383e-37 
0.038 37 0 0 0.017152671102998646 1.0087020333226062e-37 
0.038 37 0 1 0.01716183363180184 6.907676011938829e-37 
0.038 37 0 2 0.017161826896229852 2.524895938467228e-37 
0.038 37 0 3 0.017161827239093395 1.5841072867411467e-37 
0.038 37 0 4 0.01716182619217797 2.8804094086189953e-37 
0.038 37 0 5 0.017161829190064384 4.157712147881912e-37 
0.039 38 0 0 0.017161828350197934 1.593937018431517e-37 
0.039 38 0 1 0.017170974908558883 3.5733084776131395e-37 
0.039 38 0 2 0.017170976979822953 7.069771912448834e-37 
0.039 38 0 3 0.01717097454457163 2.3742223387837115e-37 
0.039 38 0 4 0.01717097835141424 2.4352492039488352e-37 
0.039 38 0 5 0.01717097874814034 1.8673051188803448e-37 
0.040 39 0 0 0.017170977847977147 5.82180770480625e-38 
0.040 39 0 1 0.0171801167547067 3.2149965005726154e-37 
0.040 39 0 2 0.01718011812617513 1.3860120766771093e-36 
0.040 39 0 3 0.017180120183821833 2.8531860172633337e-37 
0.040 39 0 4 0.017180119697547444 2.4365893007027307e-37 
0.040 39 0 5 0.017180117946447557 3.876919665576205e-37 
0.041 40 0 0 0.017180120097298655 1.0599728324007701e-37 
0.041 40 0 1 0.01718925140105434 4.020553803888477e-37 
0.041 40 0 2 0.017189254470453694 3.930267952905115e-37 
0.041 40 0 3 0.017189253822316158 6.614492712614899e-37 
0.041 40 0 4 0.01718925081446527 2.216090865772112e-37 
0.041 40 0 5 0.017189255698970955 2.5405244310645493e-37 
0.042 41 0 0 0.017189252476570424 5.732386983089733e-38 
0.042 41 0 1 0.017198378923887037 4.435521866563789e-37 
0.042 41 0 2 0.017198378161696334 2.0706614539322696e-37 
0.042 41 0 3 0.017198377713138317 2.8530935508325425e-37 
0.042 41 0 4 0.01719837859526459 2.2282758688300097e-37 
0.042 41 0 5 0.017198378942911437 1.6815629286110515e-37 
0.043 42 0 0 0.01719837831309026 1.224702423234263e-37 
0.043 42 0 1 0.01720749231400127 8.921314141947768e-37 
0.043 42 0 2 0.0172074946961183 2.4618339500261346e-37 
0.043 42 0 3 0.01720749846079052 3.890319802845819e-37 
0.043 42 0 4 0.01720749698283568 2.4450264802207226e-37 
0.043 42 0 5 0.017207497596573654 1.6163719158838943e-37 
0.044 43 0 0 0.017207497716370767 6.017375726558172e-38 
0.044 43 0 1 0.01721661467439443 2.9497261689512066e-37 
0.044 43 0 2 0.01721660814873463 2.816525157068985e-37 
0.044 43 0 3 0.017216607891333433 2.7380149968685827e-37 
0.044 43 0 4 0.017216609130439747 2.0405532304475794e-37 
0.044 43 0 5 0.01721660748196706 8.840821806533868e-38 
0.045 44 0 0 0.017216608423551043 2.705263656317629e-37 
0.045 44 0 1 0.017225707862763166 3.5916125394333205e-37 
0.045 44 0 2 0.017225712108427445 3.724697496214632e-37 
0.045 44 0 3 0.017225709461898657 2.090815058066297e-37 
0.045 44 0 4 0.017225711013747518 2.073697564988638e-37 
0.045 44 0 5 0.017225710638352324 2.4594727323361545e-37 
0.046 45 0 0 0.01722571011414429 1.577128618541618e-37 
0.046 45 0 1 0.017234803628802475 5.939571679340226e-37 
0.046 45 0 2 0.0172348039773597 4.3809390317845634e-37 
0.046 45 0 3 0.017234804265013906 2.8840217861525867e-37 
0.046 45 0 4 0.017234803579007394 2.0814808233233825e-37 
0.046 45 0 5 0.01723480181255504 2.9543534325185267e-37 
0.047 46 0 0 0.01723480322293357 4.1100211159325455e-38 
0.047 46 0 1 0.017243882458075045 2.51108457439865e-37 
0.047 46 0 2 0.017243888536411383 4.439353450967777e-37 
0.047 46 0 3 0.017243888308220486 2.4025936300507714e-37 
0.047 46 0 4 0.017243888605620334 3.195523857427326e-37 
0.047 46 0 5 0.017243889049471814 1.913387824311314e-37 
0.048 47 0 0 0.017243888221814687 1.329200594771666e-37 
0.048 47 0 1 0.017252967734849675 3.3354806942965335e-37 
0.048 47 0 2 0.01725296687587013 5.117382283976631e-37 
0.048 47 0 3 0.017252965929677073 4.359792521859031e-37 
0.048 47 0 4 0.017252966048711134 3.3708587669030258e-37 
0.048 47 0 5 0.017252967558704806 2.0624889849490574e-37 
0.049 48 0 0 0.017252963953451345 3.4068798681151625e-37 
0.049 48 0 1 0.017262036278923424 2.6520672948670965e-37 
0.049 48 0 2 0.017262034576248673 3.3600046365518814e-37 
0.049 48 0 3 0.017262031594055618 1.890038686897879e-37 
0.049 48 0 4 0.017262032792213996 2.36021196230723e-37 
0.049 48 0 5 0.017262034021498732 2.92604708092555e-37 
0.050 49 0 0 0.0172620330207543 7.819991804095627e-38 
0.050 49 0 1 0.017271093931699674 5.168815852848493e-37 
0.050 49 0 2 0.017271096769943203 5.560388517744815e-37 
0.050 49 0 3 0.017271096355097326 3.336373733049732e-37 
0.050 49 0 4 0.017271095940033 1.7820665715547937e-37 
0.050 49 0 5 0.017271097654595016 1.890644787019407e-37 
0.051 50 0 0 0.017271095900141042 5.808182639536828e-37 
0.051 50 0 1 0.017280155871227207 6.217468350343435e-37 
0.051 50 0 2 0.017280150446756338 3.1303441234011837e-37 
0.051 50 0 3 0.017280150433819603 2.3698993663021084e-37 
0.051 50 0 4 0.017280149304944776 2.3879644646951672e-37 
0.051 50 0 5 0.017280149125601392 2.2581102768431485e-37 
0.052 51 0 0 0.01728015021325734 3.743249563778181e-38 
0.052 51 0 1 0.01728919224644681 9.198482358454037e-37 
0.052 51 0 2 0.017289197530958974 2.818758175655239e-37 
0.052 51 0 3 0.017289196368684492 2.9487215071413978e-37 
0.052 51 0 4 0.017289195390287296 2.8274541277057685e-37 
0.052 51 0 5 0.017289194696699255 1.8670420811456064e-37 
0.053 52 0 0 0.017289196732106743 6.753831481178928e-37 
0.053 52 0 1 0.01729823421013676 4.008592369242447e-37 
0.053 52 0 2 0.017298233777765175 1.980161176257895e-37 
0.053 52 0 3 0.017298237015807506 3.27937053877884e-37 
0.053 52 0 4 0.017298234110932165 3.7221443496804866e-37 
0.053 52 0 5 0.017298236541246164 2.6627889394549313e-37 
0.054 53 0 0 0.017298233824477045 5.71067233180959e-38 
0.054 53 0 1 0.01730726098424207 2.894060798703263e-37 
0.054 53 0 2 0.017307263235028132 2.914904969727003e-37 
0.054 53 0 3 0.01730726372098402 1.5413569391232648e-37 
0.054 53 0 4 0.017307264441164538 3.266233201023225e-37 
0.054 53 0 5 0.017307261046241994 2.7134495643552338e-37 
0.055 54 0 0 0.017307264638239218 4.082911109766312e-38 
0.055 54 0 1 0.01731628879804961 4.427564475875374e-37 
0.055 54 0 2 0.01731628610096854 3.900875048495883e-37 
0.055 54 0 3 0.01731628839204778 2.2647950573117102e-37 
0.055 54 0 4 0.017316286912100316 2.636111986187056e-37 
0.055 54 0 5 0.01731628561157703 1.986522664909375e-37 
0.056 55 0 0 0.017316288963171698 2.143107560714172e-37 
0.056 55 0 1 0.01732530413265202 3.000964336386147e-37 
0.056 55 0 2 0.01732530481587257 4.6963249541443876e-37 
0.056 55 0 3 0.017325303344848955 1.4485972095566354e-37 
0.056 55 0 4 0.017325301033847388 2.9040621671223194e-37 
0.056 55 0 5 0.01732530361347239 2.3851782454423194e-37 
0.057 56 0 0 0.01732530420854695 1.375044141469541e-37 
0.057 56 0 1 0.017334306485993017 2.8714543547307894e-37 
0.057 56 0 2 0.017334308742538086 2.9741922016717047e-37 
0.057 56 0 3 0.017334310446645507 2.0118986526829712e-37 
0.057 56 0 4 0.017334314069789566 1.918321536963986e-37 
0.057 56 0 5 0.017334310720562945 3.860008317515632e-37 
0.058 57 0 0 0.017334311470472406 1.5061577675000634e-37 
0.058 57 0 1 0.017343304867886853 3.905729536988252e-37 
0.058 57 0 2 0.01734331260630423 4.2260663028744745e-37 
0.058 57 0 3 0.017343311079756864 1.9434392759403455e-37 
0.058 57 0 4 0.017343309168567335 3.379909035518636e-37 
0.058 57 0 5 0.017343309663489105 1.7898586107760415e-37 
0.059 58 0 0 0.01734330987164705 2.938032307758405e-37 
0.059 58 0 1 0.017352296706381446 2.2797074583677925e-37 
0.059 58 0 2 0.017352299992412275 2.4843356732127465e-37 
0.059 58 0 3 0.017352300119192633 3.856128961095373e-37 
0.059 58 0 4 0.017352302816908416 4.1227074757739625e-37 
0.059 58 0 5 0.017352299249795734 2.2164480042019756e-37 
0.060 59 0 0 0.01735230329002436 7.36105318338703e-38 
0.060 59 0 1 0.01736128827868164 4.74121384261653e-37 
0.060 59 0 2 0.017361286761146445 4.596187983714936e-37 
0.060 59 0 3 0.01736128781604834 2.4494375645981394e-37 
0.060 59 0 4 0.01736128636526526 3.058561138202757e-37 
0.060 59 0 5 0.01736128602894508 3.3495334600515604e-37 
0.061 60 0 0 0.01736128562605227 8.004425118102903e-38 
0.061 60 0 1 0.01737026079341963 5.068048968981735e-37 
0.061 60 0 2 0.017370260549121955 3.259384997624508e-37 
0.061 60 0 3 0.017370262305918656 1.4494439388988344e-37 
0.061 60 0 4 0.017370259136289864 2.186422068466357e-37 
0.061 60 0 5 0.017370261159699446 2.042616458515874e-37 
0.062 61 0 0 0.017370260571688636 5.980197991951436e-38 
0.062 61 0 1 0.017379228125779862 6.411018262115417e-37 
0.062 61 0 2 0.01737922685992062 1.884251024712671e-37 
0.062 61 0 3 0.017379227987806382 1.0305619427636563e-37 
0.062 61 0 4 0.017379224183819614 5.814706509888019e-37 
0.062 61 0 5 0.017379225705489217 3.385055512572016e-37 
0.063 62 0 0 0.017379227740519084 9.019684053775275e-38 
0.063 62 0 1 0.017388185024531832 2.5015344521110755e-37 
0.063 62 0 2 0.017388187568089557 2.4490865603523034e-37 
0.063 62 0 3 0.017388188283345263 3.509112376285915e-37 
0.063 62 0 4 0.017388186872837757 1.724405147107878e-37 
0.063 62 0 5 0.017388185510505028 1.870587084249032e-37 
0.064 63 0 0 0.017388184969583245 3.889500805857088e-37 
0.064 63 0 1 0.017397134566674907 3.613588392090356e-37 
0.064 63 0 2 0.01739713842022779 1.8166103408332196e-37 
0.064 63 0 3 0.017397136333167827 2.788625576583761e-37 
0.064 63 0 4 0.017397135210933088 2.0596654088307738e-37 
0.064 63 0 5 0.017397136601399688 2.703889186314524e-37 
0.065 64 0 0 0.017397136234889764 2.8484822316332643e-37 
0.065 64 0 1 0.017406078716775984 2.9165535553313266e-37 
0.065 64 0 2 0.01740608088802943 2.4713593201279596e-37 
0.065 64 0 3 0.01740607808113514 3.5209652698561443e-37 
0.065 64 0 4 0.017406079932192866 1.6633507236568307e-37 
0.065 64 0 5 0.017406079836716316 2.7136764696090704e-37 
0.066 65 0 0 0.017406079729281265 2.9421695256482477e-37 
0.066 65 0 1 0.017415009591381217 4.111817055295839e-37 
0.066 65 0 2 0.0174150149793067 3.522292679604069e-37 
0.066 65 0 3 0.01741501285447626 2.3143820808968164e-37 
0.066 65 0 4 0.017415014880946603 1.661196861355486e-37 
0.066 65 0 5 0.01741501523998098 2.952297515724969e-37 
0.067 66 0 0 0.01741501748280226 1.4745006560345603e-37 
0.067 66 0 1 0.01742394775548539 3.196563454483662e-37 
0.067 66 0 2 0.017423943223292594 3.7697493486916825e-37 
0.067 66 0 3 0.017423944527008867 1.862736602123707e-37 
0.067 66 0 4 0.01742394534350858 2.188365841095437e-37 
0.067 66 0 5 0.01742394478577904 3.945298176887699e-37 
0.068 67 0 0 0.017423945490636188 1.2015581867476217e-37 
0.068 67 0 1 0.01743286356916126 2.0836713400893082e-37 
0.068 67 0 2 0.0174328644124089 1.4661380786909448e-37 
0.068 67 0 3 0.017432863813285574 3.0561202321723577e-37 
0.068 67 0 4 0.017432866950881934 1.8680523455218381e-37 
0.068 67 0 5 0.017432863174010885 3.3655108496921526e-37 
0.069 68 0 0 0.017432865643324094 8.375561425955832e-38 
0.069 68 0 1 0.01744177173191143 4.509773799526509e-37 
0.069 68 0 2 0.01744177691534895 2.4564331793404337e-37 
0.069 68 0 3 0.01744177738517663 3.998820890842956e-37 
0.069 68 0 4 0.017441777757664506 1.9518080685900327e-37 
0.069 68 0 5 0.01744177708518527 1.874030416142379e-37 
0.070 69 0 0 0.017441778063715954 1.7068343978017751e-37 
0.070 69 0 1 0.017450685864124193 3.4800229913724343e-37 
0.070 69 0 2 0.01745068298469375 1.6853128576019002e-37 
0.070 69 0 3 0.017450680771629527 2.576291166061484e-37 
0.070 69 0 4 0.01745068273589766 1.6488687822211347e-37 
0.070 69 0 5 0.017450682872645666 2.2442161380742832e-37 
0.071 70 0 0 0.01745067992869527 5.844724928806881e-38 
0.071 70 0 1 0.01745957169149066 3.131740463020568e-37 
0.071 70 0 2 0.017459575423759203 3.1651184728386682e-37 
0.071 70 0 3 0.017459577905605015 3.384053778600186e-37 
0.071 70 0 4 0.017459575837039564 1.5045439053600882e-37 
0.071 70 0 5 0.01745957503457215 2.6652262458999003e-37 
0.072 71 0 0 0.017459577164806925 1.5246766099485936e-37 
0.072 71 0 1 0.017468469008636363 2.276301246870766e-37 
0.072 71 0 2 0.01746846542969596 3.6305002253505225e-37 
0.072 71 0 3 0.01746846403582578 1.566873636530533e-37 
0.072 71 0 4 0.01746846491865901 2.3312264486424184e-37 
0.072 71 0 5 0.01746846471833842 1.9385407533953595e-37 
0.073 72 0 0 0.017468464675568705 2.6897640381568384e-37 
0.073 72 0 1 0.01747733802845525 2.831244836233552e-37 
0.073 72 0 2 0.017477343679650266 3.5220548582351963e-37 
0.073 72 0 3 0.01747734579799624 2.1135940701930295e-37 
0.073 72 0 4 0.017477346197657496 4.5278551967723314e-37 
0.073 72 0 5 0.01747734566506968 2.6958783045604804e-37 
0.074 73 0 0 0.017477345400912923 9.359372897440659e-38 
0.074 73 0 1 0.017486222419545797 5.839705233082558e-37 
0.074 73 0 2 0.017486219158058206 1.9307271587004844e-37 
0.074 73 0 3 0.017486219297494842 2.754193105435864e-37 
0.074 73 0 4 0.017486218485730037 2.7155316906849435e-37 
0.074 73 0 5 0.017486218856235358 3.421774871284475e-37 
0.075 74 0 0 0.017486218356556452 1.1277026842405377e-37 
0.075 74 0 1 0.017495080189773995 1.7076435190301027e-37 
0.075 74 0 2 0.01749508258194629 2.1511640450993037e-37 
0.075 74 0 3 0.017495082922111486 1.439167935248625e-37 
0.075 74 0 4 0.01749508250719796 1.2088406860402242e-37 
0.075 74 0 5 0.017495084040274046 1.1048977189167435e-37 
0.076 75 0 0 0.017495083930024177 9.654921900807738e-37 
0.076 75 0 1 0.01750394760208074 3.631120904230949e-37 
0.076 75 0 2 0.017503942281826352 2.3767050455473015e-37 
0.076 75 0 3 0.017503942779186453 1.5826934939493895e-37 
0.076 75 0 4 0.017503940424930434 2.623357264219009e-37 
0.076 75 0 5 0.01750393950647565 1.4303892838176e-37 
0.077 76 0 0 0.017503941358132703 2.283971807242476e-37 
0.077 76 0 1 0.017512786845610886 2.8274897154318927e-37 
0.077 76 0 2 0.017512790754606333 2.2450941846855364e-37 
0.077 76 0 3 0.01751278964087631 1.897115081241773e-37 
0.077 76 0 4 0.01751278979157442 2.042661741475748e-37 
0.077 76 0 5 0.01751278809661341 3.0493552659024216e-37 
0.078 77 0 0 0.01751279015361648 6.160340500091774e-38 
0.078 77 0 1 0.01752162772402539 6.3342685812017146e-37 
0.078 77 0 2 0.017521630716794964 2.3088995304327383e-37 
0.078 77 0 3 0.017521629386826557 4.260416288339891e-37 
0.078 77 0 4 0.017521632614648352 2.412113529833716e-37 
0.078 77 0 5 0.017521630927328107 3.7123664165499436e-37 
0.079 78 0 0 0.017521631069090576 5.693728847336164e-38 
0.079 78 0 1 0.017530460890784003 2.0742561733535866e-37 
0.079 78 0 2 0.017530464559244396 2.040723004763024e-37 
0.079 78 0 3 0.017530464732272592 2.48030608008088e-37 
0.079 78 0 4 0.017530464765085012 2.125534853202942e-37 
0.079 78 0 5 0.017530463711831965 1.2365643356927812e-37 
0.080 79 0 0 0.017530464599964716 8.966886725309107e-38 
0.080 79 0 1 0.017539288295140967 4.156824681041733e-37 
0.080 79 0 2 0.01753929053215532 4.1618843424003776e-37 
0.080 79 0 3 0.017539289608611314 3.293136194243135e-37 
0.080 79 0 4 0.017539289353416896 4.352362921479088e-37 
0.080 79 0 5 0.017539289386900244 1.4656169620664086e-37 
0.081 80 0 0 0.017539291823845334 5.412138877126422e-37 
0.081 80 0 1 0.017548108240818327 3.9018338449311445e-37 
0.081 80 0 2 0.01754811173007866 5.130827038589348e-37 
0.081 80 0 3 0.017548110335187616 1.748405658844601e-37 
0.081 80 0 4 0.01754811112161739 2.163270139289052e-37 
0.081 80 0 5 0.01754810728930519 3.1606610019788357e-37 
0.082 81 0 0 0.017548109988409364 4.982697733886432e-37 
0.082 81 0 1 0.01755691941015986 3.485194924764042e-37 
0.082 81 0 2 0.017556920996498394 2.7053079887482916e-37 
0.082 81 0 3 0.017556919292381803 2.049262936242536e-37 
0.082 81 0 4 0.017556921171620093 3.1526826426105253e-37 
0.082 81 0 5 0.017556919844864922 2.160387955614121e-37 
0.083 82 0 0 0.01755691939656664 1.648484189234276e-37 
0.083 82 0 1 0.017565719781967682 4.431446014817992e-37 
0.083 82 0 2 0.01756572153786132 3.261748341784908e-37 
0.083 82 0 3 0.017565723254179696 2.4247169325870928e-37 
0.083 82 0 4 0.01756572159212163 1.466610311018553e-37 
0.083 82 0 5 0.01756572179392426 1.0642210863345384e-37 
0.084 83 0 0 0.017565722843641145 4.068473074637911e-37 
0.084 83 0 1 0.017574515363450456 2.5560477544605015e-37 
0.084 83 0 2 0.017574516800740868 3.976068137297823e-37 
0.084 83 0 3 0.01757451805792114 2.634489876365592e-37 
0.084 83 0 4 0.01757451781047839 1.3391533840046395e-37 
0.084 83 0 5 0.017574516927002827 8.793112007913771e-38 
0.085 84 0 0 0.01757451745491245 1.0107456131611173e-37 
0.085 84 0 1 0.017583304950754317 1.7613815039586943e-37 
0.085 84 0 2 0.01758330457763012 1.3235177395302804e-37 
0.085 84 0 3 0.01758330277942655 4.200307960305149e-37 
0.085 84 0 4 0.0175833048939509 2.846059228723416e-37 
0.085 84 0 5 0.017583302484856837 8.464544407211676e-38 
0.086 85 0 0 0.01758330696681978 7.753156181592738e-37 
0.086 85 0 1 0.017592087561957535 6.602790749399015e-37 
0.086 85 0 2 0.017592086590321333 1.6206284142695964e-37 
0.086 85 0 3 0.01759208685129086 4.505551177531182e-37 
0.086 85 0 4 0.017592085853583305 3.015312119258492e-37 
0.086 85 0 5 0.01759208479733744 2.7391457365665668e-37 
0.087 86 0 0 0.017592085926378336 1.4377502679213516e-37 
0.087 86 0 1 0.017600850445210644 2.117218425325244e-37 
0.087 86 0 2 0.01760085677468403 2.2621783075918917e-37 
0.087 86 0 3 0.017600859736221216 4.457106024770829e-37 
0.087 86 0 4 0.017600858493921474 9.125446789342434e-38 
0.087 86 0 5 0.017600856742761326 4.147081663014052e-37 
0.088 87 0 0 0.017600857268421328 8.117201702261245e-38 
0.088 87 0 1 0.0176096205666295 1.2797268699990752e-37 
0.088 87 0 2 0.017609620283796378 3.2573627855622647e-37 
0.088 87 0 3 0.017609618589992368 4.448438282610011e-37 
0.088 87 0 4 0.017609618665277747 3.795100927597655e-37 
0.088 87 0 5 0.017609619072346646 1.4131435439044855e-37 
0.089 88 0 0 0.01760961950975447 4.1758973481178404e-38 
0.089 88 0 1 0.017618370722657394 3.98399812734639e-37 
0.089 88 0 2 0.017618372397327768 2.4959434096166433e-37 
0.089 88 0 3 0.017618374634193155 2.7896048705123083e-37 
0.089 88 0 4 0.01761837203828333 1.2813610555100556e-37 
0.089 88 0 5 0.01761837293144589 2.714053347079427e-37 
0.090 89 0 0 0.01761837436846717 7.79482572038383e-37 
0.090 89 0 1 0.017627123681081505 7.85272305380354e-37 
0.090 89 0 2 0.017627121544980057 1.8079869199912036e-37 
0.090 89 0 3 0.017627121228386538 2.882284950274225e-37 
0.090 89 0 4 0.017627122065550314 2.0054610052115782e-37 
0.090 89 0 5 0.017627121400887298 4.1074220700861535e-37 
0.091 90 0 0 0.017627122644855147 3.0962428485158403e-37 
0.091 90 0 1 0.017635862711724237 3.629657267252815e-37 
0.091 90 0 2 0.017635862547643842 3.601308039430076e-37 
0.091 90 0 3 0.0176358615951349 3.3869987772304025e-37 
0.091 90 0 4 0.017635864141804958 1.1590652683863275e-37 
0.091 90 0 5 0.017635862173913143 1.5281129135090685e-37 
0.092 91 0 0 0.01763586218469705 1.3827113422401573e-37 
0.092 91 0 1 0.01764458947927105 5.001195024857225e-37 
0.092 91 0 2 0.017644594846128795 3.7508097629854694e-37 
0.092 91 0 3 0.017644592564983054 1.966063243150116e-37 
0.092 91 0 4 0.017644594745628173 1.8789758156242433e-37 
0.092 91 0 5 0.017644593011736303 2.317800587036245e-37 
0.093 92 0 0 0.017644595011082148 5.441108177177855e-37 
0.093 92 0 1 0.017653318181031764 4.097734878037668e-37 
0.093 92 0 2 0.0176533197014878 3.3419271051381974e-37 
0.093 92 0 3 0.017653318862011783 4.785286867096773e-37 
0.093 92 0 4 0.017653318306245284 3.8243132764513796e-37 
0.093 92 0 5 0.017653321020769577 1.4632424915962028e-37 
0.094 93 0 0 0.017653321108363096 2.7263101422703745e-38 
0.094 93 0 1 0.01766204125250816 3.2938311734713856e-37 
0.094 93 0 2 0.017662038465212374 2.5783988993690062e-37 
0.094 93 0 3 0.017662037108159126 2.5140832672827734e-37 
0.094 93 0 4 0.01766203458754395 1.6642250480690382e-37 
0.094 93 0 5 0.017662038427467646 7.182807337781441e-38 
0.095 94 0 0 0.017662036931201403 1.7009530924508637e-37 
0.095 94 0 1 0.01767074552127121 7.307584824485488e-37 
0.095 94 0 2 0.017670745425503655 2.804204953669908e-37 
0.095 94 0 3 0.017670745109139106 3.672135381114787e-37 
0.095 94 0 4 0.017670745431295622 2.086460419742646e-37 
0.095 94 0 5 0.017670745036593792 1.4756665999626914e-37 
0.096 95 0 0 0.01767074428165294 5.803453241345648e-38 
0.096 95 0 1 0.017679441981447958 3.668248375356535e-37 
0.096 95 0 2 0.01767944288292695 3.3748227827700075e-37 
0.096 95 0 3 0.017679446868465364 2.0468651201399143e-37 
0.096 95 0 4 0.01767944551333913 1.7702915288723726e-37 
0.096 95 0 5 0.017679445698624712 1.726040464167368e-37 
0.097 96 0 0 0.017679443376962645 5.852196513895175e-37 
0.097 96 0 1 0.017688140743821704 3.452036458127971e-37 
0.097 96 0 2 0.017688137178370443 1.8819952512288854e-37 
0.097 96 0 3 0.01768813697334238 1.2723786552823178e-37 
0.097 96 0 4 0.017688134795672838 5.86710376397516e-37 
0.097 96 0 5 0.017688139166086348 1.8297755696831436e-37 
0.098 97 0 0 0.01768813559020845 6.637684705859533e-38 
0.098 97 0 1 0.017696818517515894 2.710147733829192e-37 
0.098 97 0 2 0.01769682180180859 2.819105801020153e-37 
0.098 97 0 3 0.017696819268935012 2.140120860317468e-37 
0.098 97 0 4 0.017696820179304684 1.4680306794033542e-37 
0.098 97 0 5 0.01769681976246238 1.6704654154877541e-37 
0.099 98 0 0 0.017696821742374604 5.077535333831328e-37 
0.099 98 0 1 0.017705500397653205 4.54296183005693e-37 
0.099 98 0 2 0.017705499527667097 3.964554035657312e-37 
0.099 98 0 3 0.017705502142274437 1.7512433495416665e-37 
0.099 98 0 4 0.017705500122944258 2.108837951101234e-37 
0.099 98 0 5 0.017705498653788156 3.9561689599194696e-37 
0.100 99 0 0 0.01770549959899249 7.98308683396868e-38 
0.100 99 0 1 0.0177141695545608 2.3771035100205024e-37 
0.100 99 0 2 0.01771417042055298 1.8192692924079143e-37 
0.100 99 0 3 0.017714168599654925 2.029945849488149e-37 
0.100 99 0 4 0.01771416802649725 2.1922644583630897e-37 
0.100 99 0 5 0.017714167465126475 2.3824780781765426e-37 
