-1 0 6.501884761416838 1.0126811102426405 0 0 
0 0.001 6.495894659795699 1.012738567895822 7.679097912331923e-16 
1 0.002 6.4899360661749785 1.0127960140106698 6.77897947573723e-16 
2 0.003 6.48400791753961 1.0128533381512976 1.7197075776814252e-16 
3 0.004 6.478112084764423 1.012910887308293 2.6299825229348147e-15 
4 0.005 6.4722465453851195 1.0129683996010106 1.7131478577091247e-15 
5 0.006 6.466412564291001 1.013026126285891 1.0096671705623872e-14 
6 0.007 6.460605093646512 1.0130833288577636 1.884926298348236e-15 
7 0.008 6.454829924311437 1.0131409664102025 5.728088043393021e-15 
8 0.009 6.449083519754938 1.0131985354935817 3.0951546257824816e-15 
9 0.010 6.443366649606639 1.0132562071377098 6.767934622713555e-15 
10 0.011 6.437675609932167 1.0133134481039063 1.2905424784152489e-15 
11 0.012 6.432013704334073 1.0133708264549823 1.4952566601889657e-17 
12 0.013 6.426377521800893 1.0134278527772482 9.190780979073711e-15 
13 0.014 6.420772357534492 1.0134854093520584 2.274997283829884e-15 
14 0.015 6.415193831349209 1.013542852418474 3.0147626696481083e-16 
15 0.016 6.4096419533835665 1.0136002294151465 1.0051181863849172e-17 
16 0.017 6.40411831442753 1.013657837479133 3.656503742575489e-15 
17 0.018 6.398622058196828 1.0137155865005305 9.109921002578313e-15 
18 0.019 6.393151467855845 1.0137732489344875 5.201599729703329e-15 
19 0.020 6.387705662285811 1.0138307284185086 4.0550348422534376e-16 
20 0.021 6.382285996514354 1.0138882828611393 1.4731616978930183e-15 
21 0.022 6.376890901260812 1.0139457055291385 1.3429314028888307e-17 
22 0.023 6.371521320096122 1.01400318826282 3.237361911823105e-16 
23 0.024 6.366175473820848 1.0140604893066425 1.1285808920070035e-15 
24 0.025 6.360855334906294 1.0141179636040907 1.461502415196873e-16 
25 0.026 6.355559842917318 1.0141754828388116 4.456846893331543e-16 
26 0.027 6.350287529666713 1.0142328525640538 4.005425411129742e-16 
27 0.028 6.345040019117952 1.0142903714054403 4.502961788530632e-16 
28 0.029 6.339815295824982 1.0143477562247514 3.866123359663363e-16 
29 0.030 6.334615892582457 1.0144054507102072 3.636639747907141e-15 
30 0.031 6.329436945940786 1.0144627141506566 2.9560703100016762e-15 
31 0.032 6.32428176087381 1.014520113098012 4.694911235233308e-16 
32 0.033 6.3191526423354425 1.0145780550342842 1.474683936817109e-14 
33 0.034 6.314043847594778 1.0146356551462805 8.57683581852436e-16 
34 0.035 6.308958008167143 1.0146933719439766 3.4376998794105827e-15 
35 0.036 6.30389381788174 1.0147510312013233 1.6048865260352878e-15 
36 0.037 6.298853068024011 1.0148089566684306 1.2016034999509688e-14 
37 0.038 6.293833119363769 1.0148667583449937 5.534653570775376e-15 
38 0.039 6.28883092548836 1.0149239787433313 6.888083830771904e-15 
39 0.040 6.283853399309154 1.0149817670441932 4.040208187669935e-15 
40 0.041 6.278895150082324 1.015039286910665 7.150908463266958e-17 
41 0.042 6.273957573773315 1.0150967968116036 1.7003390950290863e-16 
42 0.043 6.269041133379716 1.0151544046033196 8.533737820663332e-17 
43 0.044 6.2641424062489515 1.0152115883638764 1.0700741530292562e-14 
44 0.045 6.259266325331031 1.0152691793275104 1.7027576909819215e-17 
45 0.046 6.254412054155513 1.0153270745216512 5.922551619604091e-15 
46 0.047 6.249575228859018 1.0153845971344035 5.513921464214107e-16 
47 0.048 6.2447602455536435 1.0154424921620935 5.039334084255971e-15 
48 0.049 6.239962759165246 1.0155000841434656 1.3342540720454523e-16 
49 0.050 6.235185680326672 1.015557876795359 1.5812344622227989e-15 
50 0.051 6.230428020747838 1.0156157395735648 2.801583198656517e-15 
51 0.052 6.225686892204872 1.0156732311879915 2.0928413432133492e-15 
52 0.053 6.220965552464752 1.0157309120469316 1.7183883036614637e-17 
53 0.054 6.216261895374044 1.01578846753556 1.3993569344088222e-15 
54 0.055 6.2115782518642 1.0158463073200654 1.1028900029204219e-15 
55 0.056 6.206913396240349 1.015904259936128 3.4780911325913153e-15 
56 0.057 6.202265534363233 1.0159620599181505 2.6497764571677425e-16 
57 0.058 6.197634431000273 1.0160196961825432 8.753990506464198e-16 
58 0.059 6.193019831640489 1.0160771541304083 6.248357437733664e-15 
59 0.060 6.188424514336182 1.0161349167489102 1.2187962479822315e-17 
60 0.061 6.183846132550137 1.0161926261333698 4.604516738332247e-16 
61 0.062 6.179284387405367 1.0162502596897796 1.879068047480176e-15 
62 0.063 6.174740707883274 1.0163080788421917 1.796931354245753e-17 
63 0.064 6.170214991860635 1.0163660933398022 2.1537351982698733e-15 
64 0.065 6.165705421909648 1.0164240298963059 5.554761626243241e-16 
65 0.066 6.161211009267118 1.0164817507873964 1.4077344734532773e-15 
66 0.067 6.156733061116166 1.0165394966572343 1.2047859251121176e-15 
67 0.068 6.1522726008941335 1.0165974617392377 3.674201738380645e-16 
68 0.069 6.1478291585678555 1.0166555936225627 3.2410848751310504e-15 
69 0.070 6.143402332069496 1.0167138507042701 7.325462181853064e-15 
70 0.071 6.138989139098851 1.0167717636281064 6.261486671341333e-17 
71 0.072 6.134591849558419 1.0168297318874409 1.3411084254229251e-17 
72 0.073 6.130211273352807 1.016887913765239 2.6682716133565e-15 
73 0.074 6.125846594571066 1.0169461978715897 5.547429833622423e-15 
74 0.075 6.121495906228068 1.0170042909479462 4.2522897530666243e-16 
75 0.076 6.117162422851347 1.0170627501053988 1.2021477779234301e-14 
76 0.077 6.112842676797943 1.017121022059209 3.228420512955714e-15 
77 0.078 6.1085360967677955 1.0171790338786164 2.105951128857086e-16 
78 0.079 6.104245511881366 1.0172372788313693 1.7631403403300318e-15 
79 0.080 6.099966696395218 1.0172950749014817 6.067206856511913e-15 
80 0.081 6.095704493618648 1.017353251364416 1.979889400346833e-16 
81 0.082 6.091457721792614 1.017411633448166 3.84590491466768e-15 
82 0.083 6.087223100120436 1.0174696947671047 7.308586972154822e-16 
83 0.084 6.083004457993992 1.0175280964725275 3.1821986245416747e-15 
84 0.085 6.07879792170904 1.017586211983586 5.540055295533427e-16 
85 0.086 6.074605472944604 1.0176443935381474 9.176489883164141e-17 
86 0.087 6.070426239335278 1.017702515730184 8.764461005360327e-16 
87 0.088 6.066262183965888 1.0177609282770477 1.4848287353434173e-15 
88 0.089 6.062109073434326 1.0178189413395489 4.560859417684065e-15 
89 0.090 6.057972338721151 1.0178774866559606 3.607540125298453e-15 
90 0.091 6.053848731228116 1.017936039068996 3.034287575596525e-15 
91 0.092 6.049736677790775 1.0179943535854927 7.403802072923291e-17 
92 0.093 6.045640640703692 1.0180532006254912 1.4107844125688084e-14 
93 0.094 6.041553953808039 1.018111477324534 7.651687631609966e-16 
94 0.095 6.037482171929124 1.0181701383469532 3.8967644203897216e-15 
95 0.096 6.033420984537051 1.018228476032428 5.435206514120808e-16 
96 0.097 6.029373184453163 1.0182869801258225 1.376497435537422e-16 
97 0.098 6.0253370346952675 1.0183453760231178 4.767861892336596e-16 
98 0.099 6.0213140975538195 1.0184039461465242 2.3854207174287576e-16 
99 0.100 6.017302845255821 1.0184624505380977 3.2021685271291354e-17 
