-1 0 6.501884761416838 1.0126811102426405 0 0 
0 0.01 746523.8538508152 117395.13981202384 729333150.9439315 
1 0.02 708257.4245208508 112411.74508858618 46719579.854412265 
2 0.03 684077.8578321974 109546.0750047538 11301601.041543825 
3 0.04 686582.419380896 110898.29646906034 1826767.6384388325 
4 0.05 686816.3007758661 111865.42629598771 518365.2139807641 
5 0.06 686208.9016363474 112675.01502543683 264468.5557558589 
6 0.07 685541.0894346167 113454.90384320557 27249.223244942154 
7 0.08 685448.6123194371 114312.67285814704 5926.595859564948 
8 0.09 685403.6892473806 115163.44835326921 2243.7942520013357 
9 0.10 685443.2718879562 116015.1403950453 1219.4730030045716 
