0.005 0 0 0 1.73650989971677e-06 3.2285988991871343e-19 
0.005 0 0 1 3.6776935721091815e-10 2.62971640842483e-19 
0.005 0 0 2 1.164793403334036e-12 2.514003098480995e-19 
0.005 0 0 3 5.369886291989603e-13 2.4061181222104547e-19 
0.010 1 0 0 1.7242334840678402e-06 3.0626209533759276e-19 
0.010 1 0 1 3.0038655683390263e-10 2.4176745476444918e-19 
0.010 1 0 2 1.7343664630708419e-12 2.2626606461277043e-19 
0.010 1 0 3 4.695992124923609e-12 2.128157484329371e-19 
0.015 2 0 0 1.7120897357644077e-06 2.954413675293549e-19 
0.015 2 0 1 3.3444779791978044e-10 2.3732222060980253e-19 
0.015 2 0 2 5.4264105511009015e-12 2.2571435881875766e-19 
0.015 2 0 3 5.991856103810209e-13 2.1519502652608473e-19 
0.020 3 0 0 1.7000771086363233e-06 2.90966868475058e-19 
0.020 3 0 1 3.5925010396946673e-10 2.265001385791513e-19 
0.020 3 0 2 2.1142605507868287e-12 2.1124031638996614e-19 
0.020 3 0 3 5.529459083913492e-13 2.024924042488686e-19 
0.025 4 0 0 1.6881942416829724e-06 2.666064793494635e-19 
0.025 4 0 1 9.569054911652502e-11 2.0742981537116525e-19 
0.025 4 0 2 1.4025313417830375e-12 1.9687922377314e-19 
0.025 4 0 3 1.4843951943848097e-12 1.8921622348830894e-19 
