0.01 0 0 0 0.01680824813132864 1.9401813021617056e-19 
0.01 0 0 1 13168304389.970655 1884452315.3732767 
0.01 0 0 2 1270428561.4196143 1613820079.719397 
0.01 0 0 3 885905254.9637579 1697519984.7747927 
0.01 0 0 4 925635234.6021571 1440800873.4721684 
0.02 1 0 0 40789180.85582549 69617439.09666601 
0.02 1 0 1 68286956.9128627 99817709.85115524 
0.02 1 0 2 72839931.71811692 140034178.36120567 
0.02 1 0 3 92126294.26572818 181466590.86159486 
0.02 1 0 4 112551351.52616414 148839087.40306562 
0.03 2 0 0 14252263.002843112 26149448.327299107 
0.03 2 0 1 25799312.402506463 51399597.72388065 
0.03 2 0 2 38337949.3845783 50379463.9713004 
0.03 2 0 3 32786139.268873114 47725814.312587105 
0.03 2 0 4 28527417.848794952 42874365.23824201 
0.04 3 0 0 3430204.9066890962 2843217.499979235 
0.04 3 0 1 2356053.717641112 4405881.417705554 
0.04 3 0 2 3053385.343514594 5727473.141789344 
0.04 3 0 3 3613779.5675538317 6697328.493856965 
0.04 3 0 4 4021204.341963199 7747355.942940591 
0.05 4 0 0 640350.9334301158 860797.6113681492 
0.05 4 0 1 796713.0001153159 1384742.5952563572 
0.05 4 0 2 985322.4696885939 1604150.2887913652 
0.05 4 0 3 1040242.6812402268 1736330.914478524 
0.05 4 0 4 1050873.4278114773 2023181.326038684 
0.06 5 0 0 174127.63084664068 334235.9840699846 
0.06 5 0 1 333292.1986623517 469438.1983571492 
0.06 5 0 2 339939.6020658158 620302.7005157474 
0.06 5 0 3 403923.0451397574 700029.5935227659 
0.06 5 0 4 433582.60338516237 866923.6944825656 
0.07 6 0 0 83566.02590084371 94519.25267482159 
0.07 6 0 1 76151.02273936756 151572.45139724348 
0.07 6 0 2 104494.33450882178 191279.88284466244 
0.07 6 0 3 119440.74756049413 216240.91181191214 
0.07 6 0 4 128568.14582026657 180500.1403765528 
0.08 7 0 0 12889.548306662533 23388.461977574458 
0.08 7 0 1 22958.377705813906 45517.07136459864 
0.08 7 0 2 33889.28238315433 67513.88737688585 
0.08 7 0 3 44820.42005476397 28295.711474040065 
0.08 7 0 4 15641.516748038335 29736.06316047414 
0.09 8 0 0 1363.2040538563504 1882.3054599685345 
0.09 8 0 1 1711.3896046561367 3036.495742423468 
0.09 8 0 2 2100.505859429788 4055.9825741659165 
0.09 8 0 3 2587.2643398691466 4565.162365671978 
0.09 8 0 4 2776.5660048392288 3813.9611874898465 
0.10 9 0 0 321.79938440511177 631.2840647754063 
0.10 9 0 1 629.2931699800988 1250.195911745471 
0.10 9 0 2 936.5724087182055 1870.7895761911582 
0.10 9 0 3 1246.3117238065463 2491.3671876783433 
0.10 9 0 4 1556.4105271141004 3095.9163770960117 
0.11 10 0 0 308.53369538289735 600.5384061392933 
0.11 10 0 1 598.0451249384126 1190.394244245093 
0.11 10 0 2 890.4161965077379 955.4677847236907 
0.11 10 0 3 618.8788993099762 1185.146954044321 
0.11 10 0 4 731.9961352748597 1064.1259455891827 
0.12 11 0 0 94.86538362596988 182.98794836825223 
0.12 11 0 1 182.02490281512263 355.33871101160327 
0.12 11 0 2 265.8425399582797 526.1769443982979 
0.12 11 0 3 350.2774388525911 676.6564725090711 
0.12 11 0 4 421.6518870447298 817.2328162955127 
0.13 12 0 0 80.62938378357161 104.38716841746124 
0.13 12 0 1 97.19745316156137 177.2480511514393 
0.13 12 0 2 128.21040683763772 196.85897170998837 
0.13 12 0 3 128.31575957413284 250.4476734324035 
0.13 12 0 4 154.38326304090688 284.1053721990863 
0.14 13 0 0 26.790757791027286 51.77777313555381 
0.14 13 0 1 51.636925846013526 103.26395861025689 
0.14 13 0 2 77.37191834616728 154.60578918422195 
0.14 13 0 3 103.00869210356325 205.86911976169833 
0.14 13 0 4 128.62597452600355 257.2505567998553 
0.15 14 0 0 25.690805534533272 51.36950069654413 
0.15 14 0 1 51.368194697338524 102.73463508928914 
0.15 14 0 2 77.05006471981173 154.09654394216378 
0.15 14 0 3 102.73011111088749 148.4459811256286 
0.15 14 0 4 92.31891308917348 183.8220813007434 
0.16 15 0 0 17.983433573264133 30.921006609647513 
0.16 15 0 1 29.910836316675756 59.650184333939926 
0.16 15 0 2 44.22256012464935 87.10070656732445 
0.16 15 0 3 57.59638287250201 115.16777075564075 
0.16 15 0 4 71.62290297334522 143.2454880293873 
0.17 16 0 0 14.038720293265174 21.83080688020049 
0.17 16 0 1 21.256361953022207 38.384644465992004 
0.17 16 0 2 28.436124170697916 53.502725487084476 
0.17 16 0 3 35.406583728815114 nan 
0.17 16 0 4 nan nan 
