-1 0 6.501884761416838 1.0126811102426405 0 0 
0 0.01 722314.0214615675 113588.00539361131 720400436.7360854 
1 0.02 731076.6481775453 116033.51969200971 74419543.70153295 
2 0.03 692681.2187913768 110923.79014950918 21437182.61912136 
3 0.04 691500.2327520937 111692.63245819091 3873677.9714706456 
4 0.05 691066.1491620482 112557.6217212805 1011590.6630262284 
5 0.06 689948.5908710279 113289.06934578052 433461.8472414449 
6 0.07 689424.5850314172 114097.61020508663 90250.07018829035 
7 0.08 688427.9338643209 114809.53608462156 14868.031580419613 
8 0.09 688487.6414736969 115681.62264750057 1906.9805938740637 
9 0.10 688504.4904454197 116533.26890441972 1547.9582070818383 
10 0.11 688538.0943886146 117375.84569753033 532.0629746790709 
11 0.12 688578.3828903453 118208.94922266775 408.61641555639744 
12 0.13 688580.7718753082 119026.06701506686 142.05268756138918 
13 0.14 688579.2412108028 119834.06348519027 128.62528023150077 
14 0.15 688568.1608441222 120632.9450255597 91.91104067908631 
15 0.16 688567.7371853569 121427.17509872053 71.62274401489402 
16 0.17 nan nan nan 
