0.2 0 0 0 0.002778415447235228 2.017087211790015e-31 
0.2 0 0 1 0.00010030615533538912 1.2418617399852971e-30 
0.2 0 0 2 4.9477105790643495e-06 1.6241557312006996e-31 
0.2 0 0 3 7.73024018898024e-08 4.346183256850479e-31 
0.2 0 0 4 2.9375865388880675e-08 9.976832027759311e-32 
0.4 1 0 0 0.002076524202336814 3.039388717088453e-31 
0.4 1 0 1 6.524931907129857e-05 1.4086358494601844e-30 
0.4 1 0 2 2.0048866448423864e-06 3.0901939291423686e-31 
0.4 1 0 3 2.991080779332645e-08 2.492060035884963e-31 
0.4 1 0 4 8.372455815750596e-08 2.1473072861989486e-31 
0.6 2 0 0 0.0016229108639020475 2.197808129170606e-31 
0.6 2 0 1 5.4136534965765966e-05 7.599895257462479e-30 
0.6 2 0 2 1.651894931233516e-05 2.51164810065876e-30 
0.6 2 0 3 5.463577614351972e-06 7.961863259409779e-31 
0.6 2 0 4 2.9764161086643935e-07 5.512227929624166e-31 
0.8 3 0 0 0.0013028102013885026 8.440750796630718e-31 
0.8 3 0 1 0.00028290025975426643 3.3708341227651274e-29 
0.8 3 0 2 0.0002748446357964308 5.634745354864121e-29 
0.8 3 0 3 0.0002299966545600496 6.430671223552524e-30 
0.8 3 0 4 1.2635241967273473e-05 2.6499610590812427e-30 
1.0 4 0 0 0.0010633040783230218 5.514113672335038e-31 
1.0 4 0 1 0.001024907699487897 2.4330062954821767e-28 
1.0 4 0 2 0.07145685116497875 2.422767373124487e-28 
1.0 4 0 3 0.007370046642395883 7.334624576429011e-29 
1.0 4 0 4 0.004317645791220381 1.815145750615075e-29 
1.2 5 0 0 0.000865812493888902 1.4801092420705223e-30 
1.2 5 0 1 0.01937186159825959 1.1149740824981054e-27 
1.2 5 0 2 0.4110422234270207 9.009320217618204e-28 
1.2 5 0 3 0.11588075764914148 6.797265433026103e-28 
1.2 5 0 4 0.19219287584791883 4.012974592031306e-28 
1.4 6 0 0 0.0008104632887153101 8.2909107317479e-30 
1.4 6 0 1 0.04122978398225367 2.243959053617296e-27 
1.4 6 0 2 0.7938427620093562 5.529837661812648e-28 
1.4 6 0 3 0.4097866990173291 1.223423509854467e-28 
1.4 6 0 4 0.0998381849292393 1.5863034954597442e-28 
1.6 7 0 0 0.0006399270822116192 1.6322402424035218e-29 
1.6 7 0 1 0.019281239888359288 9.791950763423386e-27 
1.6 7 0 2 36.72502975790934 1.4210900334555198e-26 
1.6 7 0 3 6.913850568069442 1.7550959842212764e-27 
1.6 7 0 4 0.5026383523686531 8.407659448967929e-28 
1.8 8 0 0 0.008254843686774349 3.2973484105676006e-29 
1.8 8 0 1 1.4982860823589748 1.8077633798729705e-25 
1.8 8 0 2 201.75389569851333 1.7447335757464662e-25 
1.8 8 0 3 92.0666067514511 9.549157013357001e-26 
1.8 8 0 4 47.34873076433995 8.115249945386693e-26 
2.0 9 0 0 1784.557405712525 7.162388025518319e-25 
2.0 9 0 1 2399.473910889539 3.97736759296715e-23 
2.0 9 0 2 3178.719770411665 8.549532184656997e-18 
2.0 9 0 3 548566.3264579654 18866.535236521424 
2.0 9 0 4 2036432.0642400405 67806.57595185694 
