-1 0 7.025029596500323e-07 9.521866619107015e-08 0 0 
0 0.2 0.03745449995854576 0.005305543495307218 1.615833213900137e-09 
1 0.4 0.055614921309023284 0.008207087280135897 3.769013261202627e-08 
2 0.6 0.06506792372183123 0.009976246561484645 9.938051262524249e-08 
3 0.8 0.07326672153160627 0.011643883278712875 4.129996802371614e-06 
4 1.0 0.30089872823733765 0.04946715000993683 0.0011306794568695143 
5 1.2 nan nan 0.20006745876040932 
6 1.4 nan nan 0.013888745740800817 
7 1.6 nan nan 0.2516660286836661 
8 1.8 nan nan 33.74453032389033 
9 2.0 1477.8059441589926 281.22877784800477 33933.612930077725 
