0.2 0 0 0 0.01682403348157394 1.851555404088103e-33 
0.2 0 0 1 0.01905757187739917 3.507670073534318e-32 
0.2 0 0 2 0.018759510025511114 2.0943174530274143e-32 
0.2 0 0 3 0.018812163291034564 4.538443510823516e-32 
0.2 0 0 4 0.018797814660377735 2.4359722412316234e-32 
0.2 0 0 5 0.018777898535234074 1.5412385447578974e-32 
0.2 0 0 6 0.018806182610926037 2.3577554348750835e-32 
0.2 0 0 7 0.0188015802511292 1.751503921266883e-32 
0.2 0 0 8 0.018791069982416152 3.807341272846543e-32 
0.2 0 0 9 0.018805815221318713 2.1227588327191473e-32 
0.2 0 0 10 0.01879824386011673 1.5685802494844356e-32 
0.2 0 0 11 0.018807741169160605 1.049514564129549e-32 
0.4 1 0 0 0.018817246694341073 1.1034394542843064e-32 
0.4 1 0 1 0.022070572342440482 5.158569031606167e-31 
0.4 1 0 2 0.021405923363340296 2.11841009136828e-31 
0.4 1 0 3 0.022305750287323633 2.856699536905052e-31 
0.4 1 0 4 0.022505625714682977 7.093720964274475e-31 
0.4 1 0 5 0.022342185493534963 4.672599448473399e-31 
0.4 1 0 6 0.022331301252021582 5.7795051145184274e-31 
0.4 1 0 7 0.02217185669981471 8.525845480186363e-31 
0.4 1 0 8 0.022325116334393706 9.145148566346459e-31 
0.4 1 0 9 0.02224185607401131 4.096960805271207e-31 
0.4 1 0 10 0.022367422660172866 2.718243229496839e-31 
0.4 1 0 11 0.022301537131298323 3.295568942191332e-31 
0.6 2 0 0 0.02185726929744316 1.9266799097830607e-31 
0.6 2 0 1 0.021099087171580867 2.552281696716891e-29 
0.6 2 0 2 5.62080119182685 7.382466959105376e-28 
0.6 2 0 3 4.624664747464854 1.285488904400482e-27 
0.6 2 0 4 3.725451242060244 4.042164878439263e-28 
0.6 2 0 5 4.588903903668086 2.301278283108753e-28 
0.6 2 0 6 3.1725559879046523 1.733051912316743e-28 
0.6 2 0 7 5.285351668211094 4.356353385846819e-28 
0.6 2 0 8 2.686169265315691 3.1300213456181353e-28 
0.6 2 0 9 2.3428800713869813 1.776079113204298e-28 
0.6 2 0 10 3.2424931154786716 2.6152826716136257e-27 
0.6 2 0 11 3.9150646959170494 1.7894647115037784e-27 
0.8 3 0 0 2.609975443391691 1.1785150515694375e-29 
0.8 3 0 1 1.2178589427767073 4.1031860427972275e-28 
0.8 3 0 2 9.543410401453185 2.7072032634063453e-27 
0.8 3 0 3 2.5322283249159194 1.0774574629345557e-27 
0.8 3 0 4 12.405912972399058 3.160812689864411e-26 
0.8 3 0 5 9.049350116681486 1.6212700310270883e-24 
0.8 3 0 6 37.593459027987755 2.0627874459343296e-20 
0.8 3 0 7 422.7154023498465 3.3631758677049987e-06 
0.8 3 0 8 51461354638.61168 4053254227.1386433 
0.8 3 0 9 57351376119.28145 4028005040.3519874 
0.8 3 0 10 50709351346.51826 4018623272.2953873 
0.8 3 0 11 56948309594.46461 11813322.958434537 
1.0 4 0 0 27836551043.321236 5.934524586700442e-20 
1.0 4 0 1 13933949510.820824 4.0353179002786896e-20 
1.0 4 0 2 27836553759.635067 6.485096002415737e-20 
1.0 4 0 3 13933952663.459269 1.2738581433316624e-19 
1.0 4 0 4 27836558207.301685 1.8808101895985722e-19 
1.0 4 0 5 13933948707.859163 1.0344389868343142e-19 
1.0 4 0 6 27836550125.72505 8.784658105313154e-21 
1.0 4 0 7 13933948707.859163 1.5789223532412192e-19 
1.0 4 0 8 27836550763.915718 2.752857078576476e-20 
1.0 4 0 9 13933946945.625435 4.735443570743573e-20 
1.0 4 0 10 27836547877.638737 5.636474868385335e-19 
1.0 4 0 11 13933948100.136133 5.2145465815342865e-21 
1.2 5 0 0 27836539796.063793 2.4156982608998623e-20 
1.2 5 0 1 13933942410.556026 1.1037898093907601e-19 
1.2 5 0 2 27836537618.945683 5.704237504165679e-20 
1.2 5 0 3 13933942987.646679 2.909690522716531e-20 
1.2 5 0 4 27836539350.657574 6.48840472486595e-21 
1.2 5 0 5 13933941544.45647 1.1487884347136447e-20 
1.2 5 0 6 27836533001.34964 2.6565732552753037e-20 
1.2 5 0 7 13933941255.818623 4.456849140435712e-21 
1.2 5 0 8 27836539928.43085 2.1440521477374477e-21 
1.2 5 0 9 13933943564.834085 2.3968385429336527e-20 
1.2 5 0 10 27836541082.943943 1.749983303917185e-20 
1.2 5 0 11 13933941255.812208 1.8958979639715398e-21 
1.4 6 0 0 27836535310.391388 1.1549757456955415e-19 
1.4 6 0 1 13933941899.252666 8179504411.186043 
1.4 6 0 2 13933941899.252262 8.330370512899031e-20 
1.4 6 0 3 27836538773.92313 2.6042954405619526e-20 
1.4 6 0 4 13933940744.741686 6.178377431281073e-20 
1.4 6 0 5 27836535310.391403 2.654885806825696e-19 
1.4 6 0 6 13933941899.252262 1.0512142096568898e-19 
1.4 6 0 7 27836535310.391403 1.2554947337329854e-19 
1.4 6 0 8 13933939012.97609 5.4183638844673525e-20 
1.4 6 0 9 27836532424.115196 6.030808410001614e-20 
1.4 6 0 10 13933938724.348522 2.1655588436638262e-20 
1.4 6 0 11 27836527806.073757 6.032793643471743e-20 
1.6 7 0 0 31346459.674920842 3.606980905611172e-33 
1.6 7 0 1 31346459.674468793 1.6940205210043456e-37 
1.6 7 0 2 31346459.674468793 2.9073970139918047e-37 
1.6 7 0 3 31346459.674470183 5.714463748431002e-38 
1.6 7 0 4 31346459.674470183 5.549446841272113e-38 
1.6 7 0 5 31346459.67447161 3.430378640667152e-41 
1.6 7 0 6 31346459.67447161 2.1272831727222183e-39 
1.6 7 0 7 31346459.67447161 2.2766055370806712e-40 
1.6 7 0 8 31346459.67447161 4.2097247945860425e-40 
1.6 7 0 9 31346459.67447161 3.3984514564559756e-39 
1.6 7 0 10 31346459.67447161 1.1075863062023354e-39 
1.6 7 0 11 31346459.67447161 1.7371616802541892e-39 
1.8 8 0 0 31346459.674381632 1.21781214745189e-33 
1.8 8 0 1 31346459.397391465 1.3589098044650198e-17 
1.8 8 0 2 31346459.397391465 1.366747452192214e-17 
1.8 8 0 3 31346459.397384178 1.3563933047714414e-17 
1.8 8 0 4 31346459.397384178 4.810710630740211e-35 
1.8 8 0 5 31346459.397384178 1.8963303303635744e-10 
1.8 8 0 6 31346459.397384178 1.398838277478522e-35 
1.8 8 0 7 31346459.397387434 3.040673277791089e-36 
1.8 8 0 8 31346460.906554565 2.3542116727080273e-09 
1.8 8 0 9 31346460.906554565 5.954698021323344e-11 
1.8 8 0 10 31346459.39744322 2.9704191232302257e-37 
1.8 8 0 11 31346459.397443924 1.8960660295420107e-10 
2.0 9 0 0 31346459.397421442 2.419637571732597e-34 
2.0 9 0 1 31346459.397421442 1.8666850291057928e-34 
2.0 9 0 2 31346459.397421442 4.217673730750367e-35 
2.0 9 0 3 31346459.397403654 1.866391155518087e-35 
2.0 9 0 4 31346459.397397388 6.496442998216297e-35 
2.0 9 0 5 31346459.397397388 2.0206747890635122e-35 
2.0 9 0 6 31346459.397397388 1.4082422322851004e-35 
2.0 9 0 7 31346459.397397388 3.580114982223129e-36 
2.0 9 0 8 31346459.554050535 2.633842029811188e-36 
2.0 9 0 9 31346459.55404898 6.062511372723282e-11 
2.0 9 0 10 31346459.55404898 3.296035730618161e-11 
2.0 9 0 11 31346459.499147348 1.726494906514271e-11 
