-1 0 6.501884761416836 1.0126811102426405 0 0 
0 0.2 5.7272645861570455 1.03601078406914 6.571438007318098e-06 
1 0.4 5.788910190346994 1.1777167506062622 0.0005879075925951678 
2 0.6 33.02666355422283 7.5263714193691635 1.4080272377727103 
3 0.8 3785620.6199347214 966630.3474025341 14460915362.440983 
4 1.0 3786767.5951285088 1084108.3191452702 0.0005686922077833461 
5 1.2 3786021.725558453 1215792.0668723437 9.045638736582227e-05 
6 1.4 124481.60309606066 44849.93265958091 13902589955.653381 
7 1.6 124481.60399504524 50326.69151520406 8.997531354724736e-05 
8 1.8 124481.67586149869 56475.94163815946 2.248159876528964e-05 
9 2.0 nan nan 4.6298254606774025e-06 
