-1 0 7.025029596500323e-07 9.521866619107015e-08 0 0 
0 0.2 0.03742415077602498 0.0053012444415729745 2.6454799147878757e-09 
1 0.4 0.05543326499387962 0.008180280279455488 1.2241913993691226e-08 
2 0.6 0.06506574708021778 0.009975912837705403 1.9288500604456862e-07 
3 0.8 0.07305568825606203 0.011610344903076652 1.8752108510503455e-06 
4 1.0 0.20726999566574866 0.0340747733571985 0.00046712859957782546 
5 1.2 nan nan 0.04000143655979915 
6 1.4 nan nan 0.6200464348194333 
7 1.6 nan nan 194.314354736341 
8 1.8 nan nan 43249685106489.07 
9 2.0 58624747.611428045 11156380.976524116 0.0 
