0.005 0 0 0 0.016808218459617653 1.7055352429515373e-19 
0.005 0 0 1 8289155260.970163 2788571338.1259847 
0.005 0 0 2 5295374688.595795 3627677797.523094 
0.005 0 0 3 2135151273.7802424 4222207836.2441993 
0.005 0 0 4 2429442043.7184715 1493099941.2719402 
0.005 0 0 5 875494478.8914989 1075916335.7210395 
0.010 1 0 0 73757971.38437027 138239826.95622742 
0.010 1 0 1 136733904.8042202 213733214.58285588 
0.010 1 0 2 157291394.10820153 300414895.61648697 
0.010 1 0 3 198775203.5698733 302579109.9122195 
0.010 1 0 4 188163448.18087292 356657994.8569438 
0.010 1 0 5 213253902.5509442 141975781.7397675 
0.015 2 0 0 6560069.156622413 12712092.802257692 
0.015 2 0 1 12625980.03153985 18575465.87918989 
0.015 2 0 2 13497422.551126555 14880375.663189238 
0.015 2 0 3 9071888.42882163 15107077.565873371 
0.015 2 0 4 8891912.670421872 16138388.946944589 
0.015 2 0 5 9360831.077393135 18649971.40509266 
0.020 3 0 0 1294862.6289461534 2153008.299675949 
0.020 3 0 1 2102867.414892724 2971625.9668696597 
0.020 3 0 2 2090380.6885833964 1845345.329920809 
0.020 3 0 3 1055950.5710360082 1904667.172987045 
0.020 3 0 4 1048242.7363445653 1956114.6040534345 
0.020 3 0 5 1047482.4638168928 1946806.4590966303 
0.025 4 0 0 58499.481442830984 97876.98407486433 
0.025 4 0 1 95230.88642206878 161996.6946809034 
0.025 4 0 2 116438.99583203664 185980.89657094053 
0.025 4 0 3 117626.9216063081 159977.71175375252 
0.025 4 0 4 92137.30972410213 127176.07184588302 
0.025 4 0 5 73354.44992394211 145906.4981250003 
0.030 5 0 0 9677.56830921248 13722.743236225666 
0.030 5 0 1 13068.425280920374 14225.42559560366 
0.030 5 0 2 9723.67253312024 15630.957650160646 
0.030 5 0 3 9805.983919320777 17754.87171958929 
0.030 5 0 4 10710.205175460607 21253.80087734503 
0.030 5 0 5 12457.377420949964 24910.926564418092 
0.035 6 0 0 1831.2906364695914 1887.9151619858546 
0.035 6 0 1 1669.0542953323663 2463.362683501931 
0.035 6 0 2 1659.7235101649003 3152.1138759308055 
0.035 6 0 3 1970.7373249345806 3545.6444817298234 
0.035 6 0 4 2131.909878955453 3956.265702602259 
0.035 6 0 5 2294.3202850965554 4231.347428954039 
0.040 7 0 0 281.30146941785375 556.6029987681801 
0.040 7 0 1 556.1257622016021 751.0101977794228 
0.040 7 0 2 540.5130237208739 965.300065239588 
0.040 7 0 3 624.92851356176 1228.7235762982305 
0.040 7 0 4 754.3455056488812 1476.3078844926058 
0.040 7 0 5 875.7018448843063 1225.2412997531349 
0.045 8 0 0 86.33715487590466 167.13536404977364 
0.045 8 0 1 166.56649002265576 301.2872028579392 
0.045 8 0 2 224.232502959134 360.2272869203283 
0.045 8 0 3 236.0595020484241 456.20162626338316 
0.045 8 0 4 283.33036253084026 478.20839711324044 
0.045 8 0 5 283.5794629427273 539.5375365912412 
0.050 9 0 0 42.08232145556653 81.12478265522958 
0.050 9 0 1 80.37902711282051 159.7250336759418 
0.050 9 0 2 119.46492609794666 234.09771417869428 
0.050 9 0 3 155.54526610190965 270.1846863863535 
0.050 9 0 4 167.82701629761806 334.19679895900464 
0.050 9 0 5 199.68103124916553 371.9122399808164 
0.055 10 0 0 30.523572067386777 59.20813208411045 
0.055 10 0 1 58.88277244403431 113.68724582473158 
0.055 10 0 2 84.95336765698585 159.50270154588898 
0.055 10 0 3 105.80145169978675 211.4609320338202 
0.055 10 0 4 131.72894229565176 262.8016944842659 
0.055 10 0 5 157.253073585008 297.0469702888231 
0.060 11 0 0 24.368080713833496 47.474376303422666 
0.060 11 0 1 47.34639374893446 94.44027233840193 
0.060 11 0 2 70.70206292804448 141.1228578317091 
0.060 11 0 3 93.9874334754701 186.86024168129327 
0.060 11 0 4 116.698232611345 226.16976328270104 
0.060 11 0 5 135.4417326560292 266.97212577717187 
0.065 12 0 0 21.978073952833487 43.457564213661854 
0.065 12 0 1 43.36940526700162 82.40841921999272 
0.065 12 0 2 61.63547802627227 123.10846264260705 
0.065 12 0 3 81.93129093491638 161.27107580620552 
0.065 12 0 4 100.65941901177342 201.31812837565226 
0.065 12 0 5 120.6823036619332 174.92197144432296 
0.070 13 0 0 14.140710173580494 22.306087716772332 
0.070 13 0 1 21.73532211319698 42.91556128935577 
0.070 13 0 2 31.8526506863432 nan 
0.070 13 0 3 nan nan 
0.070 13 0 4 nan nan 
0.070 13 0 5 nan nan 
