-1 0 6.501884761416838 1.0126811102426405 0 0 
0 0.005 315917.8498970217 49444.16078274356 537958167.8605249 
1 0.010 347680.9542849634 54674.815851788975 70987890.8699134 
2 0.015 357264.6288582092 56444.59396249001 9324985.702546582 
3 0.020 368521.2487002147 58490.19753889843 973403.2295492878 
4 0.025 368990.10183018266 58828.48625791039 72953.24907973254 
5 0.030 368815.66833690816 59060.98027291204 12455.463282209257 
6 0.035 368968.2673949294 59342.54989470982 2115.673716318158 
7 0.040 368993.8355108223 59600.69266357546 612.6206671421594 
8 0.045 369006.60121795896 59853.82466773015 269.76877304767805 
9 0.050 369017.38209692 60103.82501444536 185.95612060877565 
10 0.055 369038.93081683887 60352.91192139791 148.52348554950842 
11 0.060 369066.60677279154 60600.47510947155 133.48606746140672 
12 0.065 369084.66644041415 60844.05568634982 87.4609877631989 
13 0.070 nan nan nan 
