-1 0 7.025029596500323e-07 9.521866619107015e-08 0 0 
0 0.01 0.00010326231427185786 1.4028471034633575e-05 9.263102467243964e-15 
1 0.02 0.00020287908751488005 2.7624611977661626e-05 3.35698982880341e-14 
2 0.03 0.00029941373023254685 4.0861748376376176e-05 7.168342746333283e-15 
3 0.04 0.00039307719354393975 5.376570739445476e-05 5.348520832933853e-15 
4 0.05 0.00048367019977955397 6.630635111744458e-05 3.973310244375153e-15 
5 0.06 0.0005718479320202314 7.857070925619268e-05 1.4058209546254195e-15 
6 0.07 0.0006572072123519081 9.050088747936835e-05 6.626354944231462e-15 
7 0.08 0.0007399097800679294 0.00010211647201562978 3.5024222274992015e-15 
8 0.09 0.0008203488355898763 0.00011346927361023218 3.1088808667789034e-15 
9 0.10 0.0008985095511878154 0.00012455503167156022 2.9313440322331044e-15 
10 0.11 0.0009740971731282804 0.00013533058647839153 4.098323941954524e-15 
11 0.12 0.001047617074709535 0.00014586383267462422 2.0713945134193017e-15 
12 0.13 0.001118982626855998 0.00015614068238864904 1.4296967976158007e-14 
13 0.14 0.0011884583360024382 0.00016619605370173673 4.807817409827002e-15 
14 0.15 0.0012556297201277696 0.0001759700365810732 3.723630315239663e-15 
15 0.16 0.0013210342930947126 0.0001855359316348738 1.3276058751645967e-14 
16 0.17 0.001384673355581071 0.0001948922253448871 3.315159909510226e-15 
17 0.18 0.0014461924400383192 0.000203987230554212 6.660172323152664e-15 
18 0.19 0.001506098140024558 0.00021289055238708557 6.8660377135456255e-15 
19 0.20 0.001564501623701664 0.00022161639915670704 4.948172347126029e-16 
20 0.21 0.0016211781266971933 0.00023013143152796815 1.665699323371488e-14 
21 0.22 0.001676275095236601 0.0002384549939222933 9.128656487143167e-15 
22 0.23 0.001729595885701103 0.00024655756221763313 1.9601870007625238e-15 
23 0.24 0.001781591057335117 0.000254501836007493 3.3913782297190817e-15 
24 0.25 0.0018319175806737749 0.00026223745659152947 2.4041467028113386e-15 
25 0.26 0.0018809589947423324 0.00026981788502225345 2.1393376399962255e-15 
26 0.27 0.001928428463915629 0.000277200681214275 1.6194947670258091e-15 
27 0.28 0.0019748556851672656 0.00028446068290314137 3.054916279074738e-15 
28 0.29 0.0020199405646740736 0.0002915535906691381 1.4016888532209403e-15 
29 0.30 0.0020635346022512477 0.0002984566786470449 6.032746046836404e-15 
30 0.31 0.002106227335518437 0.00030525401277224374 8.3352342059088e-15 
31 0.32 0.0021476115618095748 0.0003118856083257291 1.6385504537791434e-15 
32 0.33 0.002187818006332918 0.0003183692821829845 3.8219190472396643e-16 
33 0.34 0.0022270378169188206 0.00032473181933783627 8.230501455897704e-15 
34 0.35 0.002265118819965919 0.00033095007115882975 1.4022094346088377e-15 
35 0.36 0.0023021669130806745 0.0003370384951020016 1.0962053301375933e-15 
36 0.37 0.0023384037947201883 0.000343028663211418 4.906062095033263e-15 
37 0.38 0.002373474799842089 0.0003488676925083969 3.071953182971878e-15 
38 0.39 0.0024077225118702777 0.0003546049774285297 5.012529502452107e-15 
39 0.40 0.0024411654099194538 0.0003602424873198034 2.078709742225503e-15 
40 0.41 0.0024736454592276576 0.0003657561158371129 2.294852194184737e-15 
41 0.42 0.0025052210995344572 0.00037115364615179455 6.117084014042693e-15 
42 0.43 0.002536016830491619 0.00037645273804870634 3.259073758347056e-15 
43 0.44 0.0025659886026508094 0.00038164612946255577 3.5333194710817783e-16 
44 0.45 0.0025951880131482967 0.000386740762873038 2.186784771161499e-14 
45 0.46 0.002623629869962602 0.0003917381496118161 1.99755602427879e-14 
46 0.47 0.002651319427908788 0.0003966383910134571 3.5765889608876675e-15 
47 0.48 0.0026783247746714166 0.0004014510144155206 1.8471755935110655e-16 
48 0.49 0.0027046806266406765 0.00040618061597517534 7.15451192447704e-15 
49 0.50 0.002730280852849841 0.00041081064103754044 3.2426684348472897e-15 
50 0.51 nan nan 1.8818304487252974e-15 
51 0.52 nan nan 1.5792764132212162e-15 
52 0.53 nan nan 1.067337565164256e-14 
53 0.54 nan nan 6.344544982190132e-15 
54 0.55 nan nan 3.1508387797455608e-15 
55 0.56 nan nan 7.143832222776881e-15 
56 0.57 nan nan 8.282988887991366e-16 
57 0.58 nan nan 1.878253294918547e-15 
58 0.59 nan nan 3.254449103550907e-15 
59 0.60 0.0029544021427057817 0.00045297041201765775 4.0723991744647624e-15 
60 0.61 nan nan 2.0876759337060583e-15 
61 0.62 nan nan 5.6518265134391646e-15 
62 0.63 nan nan 6.638576969680648e-15 
63 0.64 nan nan 4.152874216055277e-15 
64 0.65 nan nan 8.568643576901067e-15 
65 0.66 nan nan 9.508882944305317e-15 
66 0.67 nan nan 4.647026341229434e-15 
67 0.68 nan nan 1.2199524508106342e-14 
68 0.69 nan nan 3.3528298732813487e-15 
69 0.70 0.003131260126390121 0.0004889143682175663 6.709144210925618e-16 
70 0.71 nan nan 2.7122929558048815e-15 
71 0.72 nan nan 4.5759967615908185e-15 
72 0.73 nan nan 3.4953164705231655e-15 
73 0.74 nan nan 1.0253271738643148e-14 
74 0.75 nan nan 5.791239733105867e-15 
75 0.76 nan nan 3.439577833937517e-14 
76 0.77 nan nan 4.998457000803375e-15 
77 0.78 nan nan 2.6040038332022765e-15 
78 0.79 nan nan 2.4936567745322376e-15 
79 0.80 0.0032728101744866466 0.0005201299972002577 1.3596961114113444e-14 
80 0.81 nan nan 4.818495799937292e-16 
81 0.82 nan nan 4.546175602023382e-15 
82 0.83 nan nan 2.626338715367312e-15 
83 0.84 nan nan 6.057646909293759e-15 
84 0.85 nan nan 1.0422784479710706e-14 
85 0.86 nan nan 6.777347369419823e-16 
86 0.87 nan nan 7.91325324037678e-15 
87 0.88 nan nan 2.7486680093858648e-15 
88 0.89 nan nan 3.1773331001280307e-15 
89 0.90 0.0033882706141673893 0.0005478044494844136 7.77929443395271e-15 
90 0.91 nan nan 4.812484304608511e-16 
91 0.92 nan nan 5.867646536673802e-15 
92 0.93 nan nan 2.67027110711019e-15 
93 0.94 nan nan 2.2917788423191806e-15 
94 0.95 nan nan 8.778869167941892e-16 
95 0.96 nan nan 2.698442829482724e-15 
96 0.97 nan nan 2.2178039081848346e-15 
97 0.98 nan nan 2.3888491824152814e-15 
98 0.99 nan nan 3.4746106259972836e-15 
99 1.00 0.0034827117044353294 0.0005725508490310978 2.730548746330564e-15 
