0.01 0 0 0 6.946038618088066e-06 5.2426127652300444e-34 
0.01 0 0 1 6.646806952825925e-10 2.5189760485767063e-34 
0.01 0 0 2 4.631670862027789e-13 4.454621671416151e-34 
0.01 0 0 3 5.246733750980315e-14 2.8813088969686356e-34 
0.01 0 0 4 2.9568584661975655e-14 3.235657645584567e-34 
0.02 1 0 0 6.848097647772371e-06 1.289105719370561e-33 
0.02 1 0 1 7.893373452242574e-10 5.395638661813422e-34 
0.02 1 0 2 2.146986624443664e-13 1.740312704842746e-33 
0.02 1 0 3 9.880477298842327e-14 3.8160007776830524e-34 
0.02 1 0 4 3.36374256398118e-14 7.896604822633064e-35 
0.03 2 0 0 6.752265157049293e-06 1.4250466892624265e-33 
0.03 2 0 1 3.5213975909313734e-10 2.449899515088492e-33 
0.03 2 0 2 1.436518037823639e-13 3.470371184760282e-34 
0.03 2 0 3 7.983457807410541e-14 7.760508949287414e-35 
0.03 2 0 4 2.1467639067884258e-13 1.575643624616083e-34 
0.04 3 0 0 6.658489063399832e-06 2.141993815695913e-33 
0.04 3 0 1 3.24904201312506e-10 9.661917684644381e-34 
0.04 3 0 2 6.799092169414225e-14 8.711228650906227e-35 
0.04 3 0 3 1.510935102293717e-14 8.788565015677004e-35 
0.04 3 0 4 1.3998973387865848e-14 3.1528754749618508e-34 
0.05 4 0 0 6.5667033933275325e-06 1.045541603769583e-33 
0.05 4 0 1 7.863356321355284e-10 6.195538361850168e-34 
0.05 4 0 2 4.3421338940418476e-14 1.4605635407730722e-34 
0.05 4 0 3 6.151951881530844e-15 1.7696534031837198e-34 
0.05 4 0 4 1.3272756090002213e-14 5.795656544453397e-35 
0.06 5 0 0 6.476850688280187e-06 8.124227058845886e-34 
0.06 5 0 1 9.665107471929986e-11 2.6582436676723887e-34 
0.06 5 0 2 5.011727217582795e-14 2.5839174752469267e-34 
0.06 5 0 3 1.0818084983958102e-14 2.59934782381126e-34 
0.06 5 0 4 1.2768516374807539e-14 7.832771042634909e-35 
0.07 6 0 0 6.388873841610847e-06 1.124305467320513e-33 
0.07 6 0 1 7.162414659864111e-10 2.080410117912426e-33 
0.07 6 0 2 6.70811363901172e-14 2.1932656072430443e-34 
0.07 6 0 3 1.3543768146717411e-14 1.148674686908691e-34 
0.07 6 0 4 1.0110793783977326e-14 1.4643062195301337e-34 
0.08 7 0 0 6.302714245989269e-06 1.185219162996579e-33 
0.08 7 0 1 2.3000049685819447e-10 2.0776870632821923e-34 
0.08 7 0 2 7.085872562049593e-14 7.217847338629812e-35 
0.08 7 0 3 6.348557170500511e-15 4.051521286950769e-35 
0.08 7 0 4 6.809065314152065e-14 8.804367638181533e-35 
0.09 8 0 0 6.2183238235529075e-06 2.416834163707682e-33 
0.09 8 0 1 3.5291148375063077e-10 4.9686348950603154e-34 
0.09 8 0 2 5.500367391327789e-13 7.966394215163877e-34 
0.09 8 0 3 3.394681017864851e-14 2.149959005858941e-34 
0.09 8 0 4 4.628689725564541e-14 4.73187239174287e-35 
0.10 9 0 0 6.1356519671493144e-06 6.763019134405087e-33 
0.10 9 0 1 1.74402941920461e-10 4.462132055342527e-34 
0.10 9 0 2 2.405114448735571e-14 7.311061003795393e-35 
0.10 9 0 3 1.8025081395166632e-14 4.922191298366092e-35 
0.10 9 0 4 9.182175924808702e-15 1.0696380248726698e-34 
0.11 10 0 0 6.054645404505024e-06 1.0522778754665255e-33 
0.11 10 0 1 5.465229073473249e-10 1.7144469149384791e-34 
0.11 10 0 2 1.3989068563395953e-14 3.286211340418541e-34 
0.11 10 0 3 3.4638524118859195e-15 1.4148160020591735e-35 
0.11 10 0 4 1.5810297291952246e-15 3.874806467345021e-35 
0.12 11 0 0 5.975252983818897e-06 5.409412363011154e-33 
0.12 11 0 1 1.0230755020563358e-09 8.338408925669206e-34 
0.12 11 0 2 4.593688286921921e-14 2.486296857954373e-34 
0.12 11 0 3 3.5156960851394736e-15 1.582429193914116e-34 
0.12 11 0 4 4.459870742554895e-15 2.5088378331016787e-35 
0.13 12 0 0 5.897432218620958e-06 5.2747758556933804e-34 
0.13 12 0 1 4.876923289383651e-10 6.980937163598065e-34 
0.13 12 0 2 1.7833745449464727e-14 9.85263486160627e-35 
0.13 12 0 3 2.5822795162753056e-15 9.96497766772695e-35 
0.13 12 0 4 9.63672071289741e-15 3.4978426994182085e-35 
0.14 13 0 0 5.821143887668475e-06 8.142241912305688e-34 
0.14 13 0 1 4.891897345079837e-10 4.343541335817929e-34 
0.14 13 0 2 1.1377519095581095e-13 1.3235794000906294e-34 
0.14 13 0 3 1.231420770823319e-14 1.657743060728597e-34 
0.14 13 0 4 1.396046169887676e-14 1.3086176787065189e-34 
0.15 14 0 0 5.7463394695476045e-06 4.318040234985844e-34 
0.15 14 0 1 2.1017777123638087e-10 6.183832091826033e-34 
0.15 14 0 2 1.8260026074487813e-14 9.251390152683111e-35 
0.15 14 0 3 6.80000213735241e-15 3.8088693449311297e-35 
0.15 14 0 4 1.181557018983812e-14 3.4899201153560845e-35 
0.16 15 0 0 5.672976082187414e-06 8.916118106073985e-34 
0.16 15 0 1 5.277015789557074e-10 2.850782633653974e-34 
0.16 15 0 2 3.1457052206750264e-14 7.51979308398141e-35 
0.16 15 0 3 5.993266566109109e-15 3.263370289622195e-35 
0.16 15 0 4 2.3731748213963865e-15 3.2427831003046215e-35 
0.17 16 0 0 5.601015964540173e-06 6.5383884181779294e-34 
0.17 16 0 1 7.458109230893218e-10 2.209184033926262e-34 
0.17 16 0 2 2.435317444531156e-14 3.7147631526361386e-35 
0.17 16 0 3 6.393169669726201e-15 8.463856030863602e-35 
0.17 16 0 4 2.3996978696791954e-15 2.984408356801785e-35 
0.18 17 0 0 5.530422931603716e-06 4.776556581861096e-34 
0.18 17 0 1 5.567129297538115e-10 2.2515804042201736e-34 
0.18 17 0 2 5.923324887522215e-14 1.5013230872983126e-34 
0.18 17 0 3 1.792710585471843e-14 3.244731266477257e-35 
0.18 17 0 4 9.467527971911224e-16 8.881431468727974e-35 
0.19 18 0 0 5.46115767570365e-06 1.4346109616142813e-33 
0.19 18 0 1 2.352820163691388e-10 4.924630680804037e-34 
0.19 18 0 2 8.451085718952826e-15 2.40864466034124e-34 
0.19 18 0 3 2.0364090744292694e-15 1.2366066461021266e-35 
0.19 18 0 4 1.8914407134392128e-15 2.503632825103423e-35 
0.20 19 0 0 5.39318719145253e-06 9.306887920607381e-34 
0.20 19 0 1 5.196908834702974e-10 2.208360069497183e-34 
0.20 19 0 2 3.4054864677053944e-14 1.1712766388862648e-35 
0.20 19 0 3 1.8359332425977565e-15 2.2052650348251053e-35 
0.20 19 0 4 8.298361439768278e-15 2.8693410936526493e-35 
0.21 20 0 0 5.326474259644971e-06 1.998590533495499e-33 
0.21 20 0 1 1.3531227990701218e-10 3.149190986387638e-34 
0.21 20 0 2 1.1608924467447533e-14 7.846157080401157e-35 
0.21 20 0 3 6.600649443698414e-15 2.8981306859385075e-36 
0.21 20 0 4 2.8822371515689463e-15 1.0848944189100812e-35 
0.22 21 0 0 5.260986406182243e-06 1.8891991340332395e-33 
0.22 21 0 1 1.2196605200034394e-10 1.6746079845842057e-34 
0.22 21 0 2 6.13348804934843e-15 3.5877191142115067e-35 
0.22 21 0 3 2.145111065582792e-15 4.066622967205174e-35 
0.22 21 0 4 1.990471651330398e-15 9.089754220822185e-36 
0.23 22 0 0 5.1966898833769606e-06 2.0516721748478375e-33 
0.23 22 0 1 2.408427028571769e-10 3.908410895977282e-34 
0.23 22 0 2 7.267655761152368e-14 7.433306110830596e-35 
0.23 22 0 3 6.171373262634417e-15 4.802317308566599e-35 
0.23 22 0 4 2.8621355470771075e-15 2.5824807999346e-35 
0.24 23 0 0 5.133554731897839e-06 1.1294765131035768e-33 
0.24 23 0 1 3.6656206081524703e-10 1.1849027446744574e-34 
0.24 23 0 2 3.690355377319037e-14 1.5037242623299112e-34 
0.24 23 0 3 9.026036974974278e-15 9.252601270724107e-35 
0.24 23 0 4 6.562903814145918e-15 3.8333563839352117e-35 
0.25 24 0 0 5.071553451162417e-06 6.575375833547235e-34 
0.25 24 0 1 2.7341440561305914e-10 2.5903034262329425e-34 
0.25 24 0 2 1.7211411760225988e-14 1.894847838974401e-35 
0.25 24 0 3 8.416132129678615e-16 1.1491608452069961e-35 
0.25 24 0 4 9.395546814304407e-16 2.767551021862964e-36 
0.26 25 0 0 5.01065140577182e-06 6.976121264296783e-34 
0.26 25 0 1 1.233295367240985e-10 2.299211276890318e-34 
0.26 25 0 2 1.392396515069688e-14 1.1380870605531833e-34 
0.26 25 0 3 5.646226285713816e-15 2.0138708922752072e-35 
0.26 25 0 4 1.1457132700969976e-15 3.767259007571915e-35 
0.27 26 0 0 4.9508253264205636e-06 2.2727238649562806e-33 
0.27 26 0 1 2.4165209013119073e-10 1.6686739853346677e-33 
0.27 26 0 2 3.817718794494425e-14 4.4661189812592385e-34 
0.27 26 0 3 5.61869228138902e-15 2.1577252175863578e-35 
0.27 26 0 4 5.171596166839996e-15 2.4461999750161795e-35 
0.28 27 0 0 4.892043309432234e-06 6.475683481460987e-34 
0.28 27 0 1 3.971121719777036e-10 1.9865011891162055e-34 
0.28 27 0 2 1.1693686589184345e-14 4.363053950036859e-35 
0.28 27 0 3 3.700994194032027e-15 1.2028483342375379e-35 
0.28 27 0 4 3.4594266543552972e-15 9.154187576873438e-36 
0.29 28 0 0 4.8342831081861e-06 1.616804960158323e-33 
0.29 28 0 1 1.1552489407735604e-10 6.063046593117417e-34 
0.29 28 0 2 2.6687282453502776e-14 3.800910530144603e-35 
0.29 28 0 3 2.438200699845885e-15 5.477919216355441e-35 
0.29 28 0 4 9.351806282725672e-16 7.908475388872062e-36 
0.30 29 0 0 4.777516994285261e-06 1.3814546469716126e-33 
0.30 29 0 1 4.848127660418165e-10 5.7360500124399565e-34 
0.30 29 0 2 6.433737257788317e-14 1.6403515815619837e-34 
0.30 29 0 3 7.566660085428715e-15 1.2282009179613814e-34 
0.30 29 0 4 7.857730640254038e-16 2.1075738989763412e-35 
0.31 30 0 0 4.721721297417797e-06 5.314305934993113e-34 
0.31 30 0 1 6.498582375328796e-10 2.374414774396253e-34 
0.31 30 0 2 5.211739948005908e-14 5.100727595537055e-35 
0.31 30 0 3 1.663544416095036e-15 1.0037466856424095e-35 
0.31 30 0 4 1.5968344901560847e-15 1.0161985494102592e-35 
0.32 31 0 0 4.66687061148744e-06 1.7202628221204408e-33 
0.32 31 0 1 1.605853708404732e-10 3.696191657961037e-34 
0.32 31 0 2 6.287641347071064e-15 6.421219715777133e-35 
0.32 31 0 3 4.03449987509417e-15 9.087048241132201e-36 
0.32 31 0 4 1.6521150590870953e-15 6.139586947263398e-36 
0.33 32 0 0 4.612941501294806e-06 5.8260854355023125e-34 
0.33 32 0 1 1.24199329937349e-10 9.218954913571502e-35 
0.33 32 0 2 5.524976866082821e-14 3.9800160763128265e-35 
0.33 32 0 3 9.236757873750371e-15 4.6467211340011804e-35 
0.33 32 0 4 1.1140794966604933e-15 7.828466087628199e-36 
0.34 33 0 0 4.55991315031346e-06 5.305012893386222e-34 
0.34 33 0 1 2.6282383162493007e-10 2.3395068507736e-34 
0.34 33 0 2 5.350218510630843e-14 5.732936058163855e-35 
0.34 33 0 3 2.3460370255515454e-15 3.867412006317192e-35 
0.34 33 0 4 1.4745445366311142e-15 1.6231504128043654e-35 
0.35 34 0 0 4.507764166959666e-06 1.8307315845941444e-33 
0.35 34 0 1 1.9981918779463552e-10 2.4109413444827534e-34 
0.35 34 0 2 5.881222500895592e-14 7.608130724951047e-35 
0.35 34 0 3 2.6764742878214706e-15 3.093048225250749e-35 
0.35 34 0 4 3.2439866630339507e-15 5.702530978466092e-35 
0.36 35 0 0 4.456472571953964e-06 2.251539764761449e-34 
0.36 35 0 1 9.709172890419789e-11 3.8496611270888207e-34 
0.36 35 0 2 2.981437612936267e-13 2.4139989585916835e-34 
0.36 35 0 3 1.2630664102829544e-14 2.9751427039327506e-35 
0.36 35 0 4 3.9426521994333e-15 5.705642697001846e-35 
0.37 36 0 0 4.406017672895308e-06 2.0060868134487495e-33 
0.37 36 0 1 1.5065895975813598e-10 2.446438645431343e-34 
0.37 36 0 2 2.901861402784463e-14 7.360719152529711e-35 
0.37 36 0 3 7.425092903346335e-15 5.774700471112965e-35 
0.37 36 0 4 1.0586032017243572e-14 3.7960730331709447e-35 
0.38 37 0 0 4.356380907693571e-06 5.679637570311786e-34 
0.38 37 0 1 1.820646718035477e-10 5.417689493266004e-34 
0.38 37 0 2 1.572483594383732e-13 9.246914419203123e-35 
0.38 37 0 3 1.2514919389676773e-14 2.92142145288841e-35 
0.38 37 0 4 1.7605709577871327e-15 1.1243795704689299e-35 
0.39 38 0 0 4.307543290349058e-06 5.434072490890228e-34 
0.39 38 0 1 1.7632030290804982e-10 3.7313730445358648e-34 
0.39 38 0 2 1.88221092125648e-13 1.3164053068341704e-34 
0.39 38 0 3 1.0480043075916659e-14 6.584139489464163e-35 
0.39 38 0 4 4.774440087987233e-15 6.716841291929376e-35 
0.40 39 0 0 4.25948379648936e-06 3.1281496852217073e-34 
0.40 39 0 1 5.476519129384452e-11 3.3204005315851404e-34 
0.40 39 0 2 9.558786017103113e-15 1.8197128399133217e-34 
0.40 39 0 3 9.123374713843701e-15 5.633876350254027e-35 
0.40 39 0 4 1.1147237134460515e-15 1.3041299541539335e-35 
0.41 40 0 0 4.212186002805291e-06 2.7921273145649807e-34 
0.41 40 0 1 7.479086133640909e-11 2.861478543434282e-34 
0.41 40 0 2 4.385107145302308e-14 7.787569128038277e-35 
0.41 40 0 3 7.760201216712834e-15 6.303285395449059e-35 
0.41 40 0 4 1.9079649265847094e-15 1.4332630690223544e-35 
0.42 41 0 0 4.165632717803756e-06 9.597470785267043e-34 
0.42 41 0 1 1.3539474341137474e-10 6.0999203764177035e-34 
0.42 41 0 2 1.1507030602758258e-13 7.751188148140141e-35 
0.42 41 0 3 9.971349446237898e-15 1.463991521874705e-34 
0.42 41 0 4 1.9848946001113404e-15 1.9543644391320933e-35 
0.43 42 0 0 4.1198053388941225e-06 8.700022144034506e-34 
0.43 42 0 1 3.188672264435674e-10 2.222519148078629e-34 
0.43 42 0 2 3.5852730468605725e-14 7.156485638558702e-35 
0.43 42 0 3 8.075403020726417e-16 3.4381918933125505e-35 
0.43 42 0 4 1.1111721503719038e-14 2.596720364493483e-35 
0.44 43 0 0 4.074689878783318e-06 7.924979901068842e-34 
0.44 43 0 1 1.1653501637661237e-10 2.4078326849537266e-34 
0.44 43 0 2 2.831107208942566e-14 4.882544772572055e-35 
0.44 43 0 3 2.6672277267683135e-15 1.8141711349563866e-35 
0.44 43 0 4 9.664641277762348e-15 3.377881514083748e-36 
0.45 44 0 0 4.030268347982309e-06 1.1723314774115857e-33 
0.45 44 0 1 1.2194796341465026e-10 3.3309270456445815e-34 
0.45 44 0 2 1.0817621379584331e-13 1.6919931988210972e-35 
0.45 44 0 3 1.971285655850287e-14 3.8009343964376725e-34 
0.45 44 0 4 1.2177777249797952e-14 3.3709873131695943e-35 
0.46 45 0 0 3.986526334077788e-06 7.305800113773535e-34 
0.46 45 0 1 1.0548818551886418e-10 1.218082009090638e-34 
0.46 45 0 2 6.321475247119124e-14 2.0730684948444147e-34 
0.46 45 0 3 1.2795692110723216e-14 6.92230792069851e-35 
0.46 45 0 4 1.0126507592148274e-14 4.773650422989629e-35 
0.47 46 0 0 3.943448460876813e-06 1.0268712020708006e-33 
0.47 46 0 1 6.754009630607597e-11 1.4145592453013477e-34 
0.47 46 0 2 2.6655698000700788e-14 6.326648605834512e-35 
0.47 46 0 3 4.5388490770819855e-15 4.666295659556882e-35 
0.47 46 0 4 1.2431526139503545e-15 2.7480204025614034e-35 
0.48 47 0 0 3.901020638774629e-06 6.515058879920375e-34 
0.48 47 0 1 7.044919792469481e-11 2.8998927497182523e-34 
0.48 47 0 2 6.916480748112457e-14 1.8348284059438631e-34 
0.48 47 0 3 7.31258581048763e-15 4.2957567683144605e-35 
0.48 47 0 4 7.142553177094417e-15 6.464790884564405e-35 
0.49 48 0 0 3.859227230376694e-06 4.960166457794065e-34 
0.49 48 0 1 8.775690241885082e-11 9.484872227533009e-35 
0.49 48 0 2 2.7762849580974573e-14 4.525510643752148e-35 
0.49 48 0 3 2.3047090051983805e-15 5.481011468265075e-35 
0.49 48 0 4 2.2749629456498656e-15 1.860122066232038e-35 
0.50 49 0 0 3.818055643658455e-06 5.164680115984583e-34 
0.50 49 0 1 9.752235632736716e-11 1.8020251292142942e-34 
0.50 49 0 2 8.69167901999813e-14 1.8359018052401246e-34 
0.50 49 0 3 6.732358864285906e-15 2.6837895564282295e-35 
0.50 49 0 4 3.267353024666218e-15 3.7849751144939345e-35 
0.51 50 0 0 3.7774926491753178e-06 1.6090373510058154e-33 
0.51 50 0 1 3.5189681963273527e-10 4.679953096839912e-34 
0.51 50 0 2 1.2033950838329346e-13 3.913221205111783e-34 
0.51 50 0 3 1.4058533964600745e-14 2.5337289120997862e-34 
0.51 50 0 4 3.3889299785257156e-14 4.7624269942717136e-35 
0.52 51 0 0 3.7375248105598246e-06 9.903298872519005e-34 
0.52 51 0 1 2.471819055815338e-10 1.5376926205962322e-34 
0.52 51 0 2 4.315790166468527e-15 6.3552804617569e-35 
0.52 51 0 3 2.5543515729523008e-15 1.0662828575282605e-34 
0.52 51 0 4 1.841102052247532e-14 1.0485840668054332e-34 
0.53 52 0 0 3.6981392146084788e-06 1.4210362182398753e-33 
0.53 52 0 1 2.2841379852527424e-10 2.827075175768909e-34 
0.53 52 0 2 3.435978074075288e-14 5.376433684388898e-35 
0.53 52 0 3 6.8917066496535086e-15 4.741452324327582e-35 
0.53 52 0 4 1.7544889273736883e-14 1.8926111002429507e-35 
0.54 53 0 0 3.659323397447357e-06 9.652235846922072e-34 
0.54 53 0 1 1.4373814007961574e-10 8.951465071109011e-34 
0.54 53 0 2 2.84767337298599e-14 6.345423658461636e-34 
0.54 53 0 3 2.0979617201013265e-14 1.0165190365669551e-34 
0.54 53 0 4 4.106772901196921e-15 5.509140352898124e-35 
0.55 54 0 0 3.621067445162326e-06 1.709986300170467e-34 
0.55 54 0 1 9.143301646153098e-11 1.3057698600169837e-34 
0.55 54 0 2 1.4963113259712695e-14 8.339177203589654e-35 
0.55 54 0 3 9.434363792236895e-16 3.905664076282884e-35 
0.55 54 0 4 1.2877753993095478e-15 1.138204582391421e-34 
0.56 55 0 0 3.5833576770139375e-06 1.0342755202644039e-33 
0.56 55 0 1 1.7339535007525245e-10 3.5797878943466543e-34 
0.56 55 0 2 1.6216668966302376e-14 3.943920172619688e-35 
0.56 55 0 3 1.6648838351854277e-15 2.1871302056960722e-35 
0.56 55 0 4 6.1339699810110465e-15 3.1941860950082423e-35 
0.57 56 0 0 3.5461834460027443e-06 2.17065236882089e-34 
0.57 56 0 1 1.1203930525205155e-10 2.091969846127589e-34 
0.57 56 0 2 5.00872094457961e-14 8.565281870965968e-35 
0.57 56 0 3 8.186729840182004e-15 7.439584112131066e-35 
0.57 56 0 4 1.1574596994309056e-15 4.951144000311164e-35 
0.58 57 0 0 3.509534015052816e-06 4.107365378602487e-34 
0.58 57 0 1 4.998404455899179e-11 2.5635306706925217e-34 
0.58 57 0 2 9.978337171213958e-15 1.3297326738980671e-34 
0.58 57 0 3 8.91854359403144e-16 4.0108284551120285e-35 
0.58 57 0 4 4.71556991630191e-15 2.905564254002638e-35 
0.59 58 0 0 3.4733984296431443e-06 2.7430209232637248e-34 
0.59 58 0 1 8.384850968161713e-11 1.2324719138512297e-34 
0.59 58 0 2 2.2622200527372458e-14 8.379122671377707e-35 
0.59 58 0 3 3.5468985779791486e-15 1.3539817966766695e-35 
0.59 58 0 4 5.645629059272108e-15 2.1493715300441764e-35 
0.60 59 0 0 3.4377667545175158e-06 6.453997427572482e-34 
0.60 59 0 1 9.083790961338404e-11 1.993776768875515e-34 
0.60 59 0 2 7.1217041332229e-14 3.373001875283469e-35 
0.60 59 0 3 1.6797749958466865e-15 1.3555456187302059e-35 
0.60 59 0 4 2.8598355669322047e-15 5.962406009300118e-35 
0.61 60 0 0 3.4026290022488945e-06 1.596445611494753e-34 
0.61 60 0 1 1.0704439810688525e-10 2.052245756453359e-34 
0.61 60 0 2 1.4282055227856066e-14 7.133321273492924e-35 
0.61 60 0 3 9.907159893446389e-15 7.840242231790387e-35 
0.61 60 0 4 1.4091094095976764e-14 4.318404646824647e-35 
0.62 61 0 0 3.3679756738038838e-06 9.382658590161337e-34 
0.62 61 0 1 1.4149725487802853e-11 2.566541676440686e-34 
0.62 61 0 2 2.5537839634671376e-14 1.5709505125407775e-34 
0.62 61 0 3 1.3650314342302701e-15 1.3644760710704354e-34 
0.62 61 0 4 1.1916376830550281e-15 1.4132217093882547e-35 
0.63 62 0 0 3.3337970563458953e-06 6.130044663315462e-34 
0.63 62 0 1 1.677354394678339e-10 8.362158812263402e-35 
0.63 62 0 2 3.619207632158132e-14 4.7219350202356383e-35 
0.63 62 0 3 1.5512453744771207e-15 6.346001209052961e-35 
0.63 62 0 4 2.281302389344791e-15 1.3968770142286793e-34 
0.64 63 0 0 3.3000827749539196e-06 3.008649694496562e-34 
0.64 63 0 1 5.512692822342301e-11 1.8051948708066672e-34 
0.64 63 0 2 2.2826939392909033e-15 1.016074821607161e-34 
0.64 63 0 3 3.2147665313452688e-15 6.348368084205212e-35 
0.64 63 0 4 6.2190457881055654e-15 7.605220761170967e-35 
0.65 64 0 0 3.266824574676446e-06 2.9650878172554213e-34 
0.65 64 0 1 4.0433675611179784e-11 1.7419888098077175e-34 
0.65 64 0 2 2.7945045004039314e-14 8.780196178473292e-35 
0.65 64 0 3 5.774216051184192e-16 2.860409373031653e-35 
0.65 64 0 4 1.5118908837166078e-15 5.290314545048114e-35 
0.66 65 0 0 3.234014160481356e-06 4.434981167567477e-34 
0.66 65 0 1 1.0367241793574914e-10 3.755156469099767e-34 
0.66 65 0 2 3.7822183458278887e-14 8.557458115994372e-35 
0.66 65 0 3 3.648416880037547e-15 1.378904554606473e-34 
0.66 65 0 4 1.196715082964904e-15 1.041624206353369e-34 
0.67 66 0 0 3.201642553649534e-06 1.6411339823926795e-34 
0.67 66 0 1 4.186535456634985e-11 1.278566223399748e-34 
0.67 66 0 2 2.0307437400204932e-14 8.965357008258415e-35 
0.67 66 0 3 6.628624413398892e-15 3.483222984395585e-35 
0.67 66 0 4 4.3566829372896545e-15 1.1486286694916413e-34 
0.68 67 0 0 3.169700632208063e-06 1.8229337789446573e-34 
0.68 67 0 1 3.006625369170882e-11 6.828673673081128e-35 
0.68 67 0 2 2.021018984527969e-14 5.483575302827675e-35 
0.68 67 0 3 1.0629547544581101e-15 2.629703077185881e-35 
0.68 67 0 4 2.1454291619713736e-15 1.2052267306947517e-35 
0.69 68 0 0 3.13818130975107e-06 3.105421331481636e-34 
0.69 68 0 1 7.36353685283997e-11 1.6851737743782791e-34 
0.69 68 0 2 1.1776668723871559e-14 2.274059832267235e-34 
0.69 68 0 3 2.5109643026560146e-14 6.98287882729292e-35 
0.69 68 0 4 1.3699334865333452e-15 2.8718328366751684e-35 
0.70 69 0 0 3.1070769121856548e-06 4.060535974914996e-34 
0.70 69 0 1 3.4529477229684505e-11 1.5485909046520776e-34 
0.70 69 0 2 7.916189720543661e-15 1.268684821371475e-34 
0.70 69 0 3 1.8572260640423745e-14 5.711688553990254e-35 
0.70 69 0 4 1.021932608026272e-15 1.5347928412282027e-35 
0.71 70 0 0 3.0763797664575803e-06 7.188577475535839e-34 
0.71 70 0 1 2.8297461426454793e-11 1.8626231683110476e-34 
0.71 70 0 2 8.660467381901864e-15 2.3854810815930683e-34 
0.71 70 0 3 1.7408976333960675e-15 1.574449410135278e-35 
0.71 70 0 4 1.6669209895211085e-15 3.8964062242836345e-35 
0.72 71 0 0 3.0460812508989454e-06 5.762772077399902e-34 
0.72 71 0 1 8.700787002708837e-11 1.396829115946822e-34 
0.72 71 0 2 7.861663399319432e-15 1.1894332249444719e-35 
0.72 71 0 3 3.760436882382137e-16 1.0253556179525878e-34 
0.72 71 0 4 4.058181341909753e-15 3.7059651478426226e-35 
0.73 72 0 0 3.016174796536507e-06 2.1030932555975553e-34 
0.73 72 0 1 1.775566121546512e-11 1.0645391961253327e-34 
0.73 72 0 2 5.2804968341658695e-14 4.0633967105780847e-35 
0.73 72 0 3 5.12308861017994e-15 5.298624609415867e-35 
0.73 72 0 4 4.919336392812391e-15 6.090173433636812e-35 
0.74 73 0 0 2.9866534819812418e-06 2.1279059176892306e-34 
0.74 73 0 1 2.1447442012478935e-11 2.2638108916150005e-34 
0.74 73 0 2 6.612265051396832e-15 6.991296723416897e-35 
0.74 73 0 3 2.9130795685282988e-15 9.027327568449829e-35 
0.74 73 0 4 3.5938795173174564e-15 5.350148764556867e-35 
0.75 74 0 0 2.957510003986501e-06 1.786955513096361e-34 
0.75 74 0 1 5.098674606194472e-11 1.7760222510847023e-34 
0.75 74 0 2 2.031084165223488e-14 1.3999871695869074e-34 
0.75 74 0 3 1.5258252970458947e-14 2.5350269925452845e-35 
0.75 74 0 4 5.303873461002328e-15 1.7579345035021134e-35 
0.76 75 0 0 2.928737646547196e-06 3.140351799294196e-34 
0.76 75 0 1 2.3317622715492018e-11 1.3420871332129015e-34 
0.76 75 0 2 3.392148089096153e-14 8.754616282612465e-35 
0.76 75 0 3 7.361116355084697e-15 9.450657272883597e-35 
0.76 75 0 4 5.893260978037606e-15 7.588588156709204e-35 
0.77 76 0 0 2.9003300672586626e-06 1.462957389365538e-34 
0.77 76 0 1 2.752592327785935e-11 1.7503042653876909e-34 
0.77 76 0 2 1.0194313552495803e-14 2.489194769799475e-35 
0.77 76 0 3 3.398274427930142e-15 1.0368286831764824e-35 
0.77 76 0 4 5.106532962858948e-15 5.508787116847751e-35 
0.78 77 0 0 2.872280555442237e-06 3.5883278347252122e-34 
0.78 77 0 1 3.8624597515143796e-11 4.082881207210854e-34 
0.78 77 0 2 1.088034500530928e-14 8.7921125007608e-35 
0.78 77 0 3 2.909447948663071e-15 4.5149523732236563e-35 
0.78 77 0 4 5.82786097857241e-15 3.513572377466098e-35 
0.79 78 0 0 2.8445829124554425e-06 1.3028405931518093e-34 
0.79 78 0 1 2.4721882558998454e-11 1.4087334752883724e-34 
0.79 78 0 2 7.425610946443398e-15 7.296116610097814e-35 
0.79 78 0 3 1.6064353128380304e-15 9.125930728002749e-36 
0.79 78 0 4 3.661029120844658e-15 4.832360881585237e-36 
0.80 79 0 0 2.8172315314201555e-06 8.721124484834858e-34 
0.80 79 0 1 3.49736686658292e-11 6.272970294417729e-35 
0.80 79 0 2 2.405752897620296e-15 6.552896258913343e-35 
0.80 79 0 3 2.346873243159593e-15 2.9936449088877717e-35 
0.80 79 0 4 1.24160818141913e-15 2.4285041807912215e-35 
0.81 80 0 0 2.790219480092675e-06 2.9949701067370016e-34 
0.81 80 0 1 8.764003543618888e-11 1.1213392883199123e-34 
0.81 80 0 2 1.7895748865305064e-14 2.511434697157961e-35 
0.81 80 0 3 2.6658651167276573e-14 2.2361321238552658e-35 
0.81 80 0 4 1.6619829927009309e-15 1.6062675465172513e-35 
0.82 81 0 0 2.76354200139477e-06 1.2522620414467367e-34 
0.82 81 0 1 1.5615079557559537e-11 1.1010171070525802e-34 
0.82 81 0 2 3.096464906714886e-14 1.481602562038364e-34 
0.82 81 0 3 2.3439810398560775e-15 2.3333396793504499e-35 
0.82 81 0 4 4.445090389428392e-15 6.539153211412375e-35 
0.83 82 0 0 2.7371928276411694e-06 2.0721384573979528e-34 
0.83 82 0 1 2.5297147484011026e-11 9.631372932520183e-35 
0.83 82 0 2 4.799371682095855e-15 8.985616211000319e-35 
0.83 82 0 3 1.121492983214529e-15 2.5617232604744384e-35 
0.83 82 0 4 4.773762356296652e-15 5.849362791989622e-35 
0.84 83 0 0 2.7111665578643528e-06 9.134123271770693e-35 
0.84 83 0 1 2.0170313482439838e-11 3.879905772035035e-35 
0.84 83 0 2 1.2847373746033183e-14 1.2223868895505244e-34 
0.84 83 0 3 9.88602622072859e-15 6.119802505748093e-35 
0.84 83 0 4 8.616214981161549e-16 5.32389805773633e-35 
0.85 84 0 0 2.6854577419317005e-06 6.070130782400795e-34 
0.85 84 0 1 2.7248101075207267e-11 6.95570883571527e-35 
0.85 84 0 2 4.508413872044372e-15 2.799372697403758e-35 
0.85 84 0 3 2.2884510203973234e-15 5.046373807428041e-35 
0.85 84 0 4 4.770040091663626e-15 9.754566805245297e-36 
0.86 85 0 0 2.660060979466964e-06 2.369310318383131e-34 
0.86 85 0 1 5.161935185236965e-11 9.215889687710446e-35 
0.86 85 0 2 2.7602139320004907e-14 4.207885418033446e-35 
0.86 85 0 3 1.4774475936411356e-15 4.1827013098974957e-35 
0.86 85 0 4 7.017789327292981e-15 5.8291757998691975e-36 
0.87 86 0 0 2.6349711695861202e-06 2.167545996937215e-34 
0.87 86 0 1 3.058452957156293e-11 1.1177524172189674e-34 
0.87 86 0 2 3.015258178953734e-15 5.319690587340906e-35 
0.87 86 0 3 7.785034097214013e-15 8.602707429269743e-35 
0.87 86 0 4 3.1869308034190835e-15 1.5337171612618135e-35 
0.88 87 0 0 2.6101832152866645e-06 2.3820613931255463e-34 
0.88 87 0 1 2.70394967382241e-11 2.6413824288016375e-35 
0.88 87 0 2 5.941692613775976e-15 4.969084793978548e-35 
0.88 87 0 3 4.847822853751906e-15 2.137417763802843e-35 
0.88 87 0 4 3.2687518759258077e-15 2.0521085179103105e-35 
0.89 88 0 0 2.5856924178497523e-06 4.530935620460954e-34 
0.89 88 0 1 2.3675680550671576e-11 1.312788531554946e-34 
0.89 88 0 2 5.703567163951108e-14 2.249545041546846e-34 
0.89 88 0 3 4.218025109832369e-15 2.5154424248189043e-35 
0.89 88 0 4 3.676553126951065e-15 2.3799281875962376e-35 
0.90 89 0 0 2.561493809613131e-06 3.5525169093751667e-34 
0.90 89 0 1 2.8199913558227333e-11 2.944874988355693e-34 
0.90 89 0 2 3.7522159947611605e-15 6.263424279403737e-35 
0.90 89 0 3 3.421943182930482e-15 2.4841806243283795e-35 
0.90 89 0 4 3.391017885026555e-15 2.2746855500505472e-35 
0.91 90 0 0 2.5375828090127435e-06 1.5031711616277572e-34 
0.91 90 0 1 3.041081508007631e-11 2.1860150525695738e-34 
0.91 90 0 2 1.1382278022654712e-14 7.419257327579617e-35 
0.91 90 0 3 4.910994294438541e-15 1.300590132705129e-35 
0.91 90 0 4 1.343661775647758e-15 3.2904543929709515e-35 
0.92 91 0 0 2.5139545324398005e-06 1.754651451940107e-34 
0.92 91 0 1 5.187964166690425e-11 8.728165347281133e-35 
0.92 91 0 2 5.884326635241709e-15 7.201159865469741e-35 
0.92 91 0 3 8.022836183060011e-15 2.581006464388871e-35 
0.92 91 0 4 1.4802569049945765e-14 5.150488916468634e-35 
0.93 92 0 0 2.490604675940982e-06 3.685438019047843e-34 
0.93 92 0 1 2.160509043102033e-11 6.065577224047275e-35 
0.93 92 0 2 4.949654032099583e-14 5.938400004005446e-35 
0.93 92 0 3 3.2712509740100942e-15 2.1643393617148556e-35 
0.93 92 0 4 1.261276139122398e-15 6.741532467549749e-36 
0.94 93 0 0 2.4675287626777945e-06 3.968037868788656e-34 
0.94 93 0 1 2.1337456671487772e-11 1.3192099946471377e-34 
0.94 93 0 2 3.936334500479582e-15 3.0927635896577943e-35 
0.94 93 0 3 1.5494254367783217e-15 2.8523569687335506e-35 
0.94 93 0 4 3.014538566903853e-15 8.736724147370741e-36 
0.95 94 0 0 2.4447226231626156e-06 1.9025579003174245e-34 
0.95 94 0 1 1.9503012029910606e-11 1.1553705202160608e-34 
0.95 94 0 2 1.69098674082728e-15 5.026809462289942e-35 
0.95 94 0 3 1.8523391375480308e-15 3.860106889804096e-35 
0.95 94 0 4 1.8536747873247044e-15 8.329696339899505e-36 
0.96 95 0 0 2.422182066864658e-06 1.219576459385317e-34 
0.96 95 0 1 2.4907881785461044e-11 1.32842067172495e-34 
0.96 95 0 2 1.4086031896107837e-14 6.369475609889513e-35 
0.96 95 0 3 6.070687623676523e-15 5.710485945968043e-36 
0.96 95 0 4 1.0985976748943232e-15 5.607114228996141e-35 
0.97 96 0 0 2.39990304640365e-06 5.261066440556327e-34 
0.97 96 0 1 1.9623246914769248e-11 1.2753245594188833e-34 
0.97 96 0 2 1.0500882218416635e-14 2.4116389670206415e-35 
0.97 96 0 3 9.477655746096609e-15 3.297179031789505e-35 
0.97 96 0 4 5.714574284833405e-15 1.4789013973316551e-35 
0.98 97 0 0 2.377881581596348e-06 2.688014421930062e-34 
0.98 97 0 1 1.0491397733062364e-11 5.474628714681065e-35 
0.98 97 0 2 5.219204073934944e-15 7.422379935197469e-35 
0.98 97 0 3 1.6784970762537953e-15 1.598215182100124e-35 
0.98 97 0 4 1.4076347630021698e-14 1.7507256293439787e-35 
0.99 98 0 0 2.3561138508753775e-06 1.6139728248814004e-34 
0.99 98 0 1 1.728006566281354e-11 1.475916931479253e-34 
0.99 98 0 2 4.297249709571603e-15 3.275143192092683e-35 
0.99 98 0 3 6.300255338937647e-15 1.6005141348229928e-35 
0.99 98 0 4 1.977672377576543e-15 3.2426123808326466e-35 
1.00 99 0 0 2.3345957570446016e-06 2.078978653555066e-34 
1.00 99 0 1 4.5162499340665266e-11 5.317431079868812e-35 
1.00 99 0 2 4.72671930090844e-15 1.830992526224214e-35 
1.00 99 0 3 1.1492819866033032e-15 8.221805334468735e-36 
1.00 99 0 4 6.14412279664211e-15 6.25629099071335e-36 
