0.2 0 0 0 0.0016966457694313486 2.140841598071639e-33 
0.2 0 0 1 0.0019102334631730551 2.5861956993885605e-32 
0.2 0 0 2 0.0018860121436290993 2.5961322766476295e-32 
0.2 0 0 3 0.0018787748971964948 1.561153382044557e-32 
0.4 1 0 0 0.0018950814130920728 6.484331293020105e-32 
0.4 1 0 1 0.0020327299231131593 7.611567347986393e-32 
0.4 1 0 2 0.0020748939590359335 1.5791374663186302e-32 
0.4 1 0 3 0.00204669789783386 1.6015638547783474e-32 
0.6 2 0 0 0.002052736623478846 3.678974721445892e-32 
0.6 2 0 1 0.0037097367861441966 1.1712736678397745e-29 
0.6 2 0 2 0.03930864129340225 6.426797003290247e-30 
0.6 2 0 3 0.0047904165164931066 1.3340714572917613e-30 
0.8 3 0 0 0.0019272291705110724 5.042557154126375e-32 
0.8 3 0 1 0.007900454008203921 6.409482940109981e-28 
0.8 3 0 2 4.182602080146712 4.63276213902166e-27 
0.8 3 0 3 1.0852007982728697 1.7703496653950253e-25 
1.0 4 0 0 12794051.915415531 1.3928479903733448e-19 
1.0 4 0 1 12961946.726731615 23557463.14239209 
1.0 4 0 2 34260478.67053289 44239324.17439959 
1.0 4 0 3 25966873.846621208 26200571.98610793 
