0.01 0 0 0 6.946038618088066e-06 5.2426127652300444e-34 
0.01 0 0 1 6.646806952825925e-10 2.5189760485767063e-34 
0.01 0 0 2 4.631670862027789e-13 4.454621671416151e-34 
0.01 0 0 3 5.246733750980315e-14 2.8813088969686356e-34 
0.01 0 0 4 2.9568584661975655e-14 3.235657645584567e-34 
0.01 0 0 5 9.263102467243964e-15 1.1050639048204765e-34 
0.02 1 0 0 6.848097817693002e-06 3.168473858247549e-33 
0.02 1 0 1 7.946430072423527e-10 1.6008535058997248e-33 
0.02 1 0 2 2.5471049446926723e-13 1.0675272927650798e-33 
0.02 1 0 3 1.154927601992403e-13 5.821602034279558e-34 
0.02 1 0 4 8.692980893818654e-14 1.0511679733857562e-34 
0.02 1 0 5 1.1130729964175753e-13 3.6054358843199547e-34 
0.03 2 0 0 6.752266961423136e-06 2.7879871387694104e-33 
0.03 2 0 1 2.569038133952649e-10 1.39471934691836e-33 
0.03 2 0 2 1.4098667716454033e-13 4.774497650126945e-34 
0.03 2 0 3 5.24703533158881e-14 2.255413954728579e-34 
0.03 2 0 4 2.3881256317628406e-14 6.440943367166746e-34 
0.03 2 0 5 8.997472064942115e-14 1.1845273582956558e-34 
0.04 3 0 0 6.658491773595583e-06 8.460316274549877e-34 
0.04 3 0 1 3.9978691314948585e-10 1.1484740924881157e-33 
0.04 3 0 2 5.265177263672897e-13 5.538617059918431e-34 
0.04 3 0 3 5.6083123651281606e-14 6.417921098428957e-34 
0.04 3 0 4 1.8554965242075414e-14 1.5947273093676052e-34 
0.04 3 0 5 8.311689320268595e-15 6.360615539328842e-34 
0.05 4 0 0 6.56670676045553e-06 8.62389391137069e-34 
0.05 4 0 1 8.540379188152901e-10 5.105702366824375e-34 
0.05 4 0 2 3.086968146875094e-14 2.649201338834409e-34 
0.05 4 0 3 2.2885958922058863e-14 3.74829693669838e-35 
0.05 4 0 4 6.188343032020948e-15 6.752948577823374e-35 
0.05 4 0 5 6.046869273105362e-15 1.3121525445269906e-34 
0.06 5 0 0 6.4768532463686175e-06 8.720809781054723e-34 
0.06 5 0 1 1.0603822237758753e-10 5.056185135408419e-34 
0.06 5 0 2 5.296476765369416e-13 1.7433402757662483e-34 
0.06 5 0 3 1.7159177434974883e-14 1.2299015204050776e-34 
0.06 5 0 4 8.531793832385345e-15 8.261079719634339e-35 
0.06 5 0 5 7.763002503301776e-15 7.180841845891766e-35 
0.07 6 0 0 6.388877177402963e-06 1.5144897341496999e-33 
0.07 6 0 1 7.289188525480669e-10 5.018863013315253e-34 
0.07 6 0 2 9.950008356559085e-14 1.2169707931607505e-34 
0.07 6 0 3 4.498033920287744e-15 9.227778421916364e-35 
0.07 6 0 4 8.978584829219076e-15 6.194760235691819e-35 
0.07 6 0 5 2.2368523719943268e-15 3.9806421938948756e-35 
0.08 7 0 0 6.30271815609377e-06 1.587657598663868e-33 
0.08 7 0 1 1.8804129302171809e-10 1.4206416385187352e-33 
0.08 7 0 2 4.1598859650289e-14 5.527713609764371e-34 
0.08 7 0 3 9.004341285366945e-15 1.5363542754596815e-34 
0.08 7 0 4 5.607824620842996e-15 9.4148736730376e-35 
0.08 7 0 5 1.0351413053921171e-14 1.2810028718364264e-34 
0.09 8 0 0 6.218328655364834e-06 1.779091166630041e-33 
0.09 8 0 1 2.3010198205886187e-10 2.5513168763158093e-34 
0.09 8 0 2 5.288539741320387e-13 8.780020306426974e-35 
0.09 8 0 3 4.274403408115886e-15 3.8629647761526706e-33 
0.09 8 0 4 8.172659037666776e-15 7.33789362938713e-35 
0.09 8 0 5 2.2860163339379265e-15 1.044861407107887e-34 
0.10 9 0 0 6.1356559417482e-06 1.5615589008251313e-33 
0.10 9 0 1 2.2143725779527274e-10 3.3508437193338535e-34 
0.10 9 0 2 2.0948875314429085e-14 1.821126958759148e-34 
0.10 9 0 3 5.482213969479747e-15 1.9129901546738092e-34 
0.10 9 0 4 2.7190935550803312e-14 7.024445972235191e-35 
0.10 9 0 5 4.9748546554304995e-15 6.191032319063387e-35 
