-1 0 7.025029596500323e-07 9.521866619107015e-08 0 0 
0 0.01 0.00010323689992085542 1.4025018424749557e-05 1.071634643526129e-14 
1 0.02 0.00020257945531544844 2.7583813178008586e-05 2.3939063819435205e-14 
2 0.03 0.0002990721587209343 4.0815133249043135e-05 5.883736631252196e-14 
3 0.04 0.0003926483491669505 5.370704939630666e-05 4.217235974097762e-15 
4 0.05 0.00048326686818882556 6.625105838681162e-05 1.3095428221411129e-14 
5 0.06 0.0005714688377922429 7.85186225025294e-05 3.4164348020394682e-15 
6 0.07 0.000656833601859529 9.044943935083836e-05 5.093207341701933e-15 
7 0.08 0.000739484779638969 0.00010205781683147128 3.4845004492592834e-14 
8 0.09 0.000819896276340715 0.00011340667637471468 3.417267913813664e-15 
9 0.10 0.0008980583306683855 0.00012449248165635545 7.473962276296293e-15 
