0.1 0 0 0 0.01681216479717898 4.567610216325367e-34 
0.1 0 0 1 0.017839561164499893 6.29319915252191e-33 
0.1 0 0 2 0.017782647977455865 6.846743253497217e-33 
0.1 0 0 3 0.017775477651917244 1.368177895060223e-32 
0.1 0 0 4 0.01777256008097212 7.513657034700365e-33 
0.1 0 0 5 0.01777234409180162 2.3620631441262672e-33 
0.2 1 0 0 0.01778455171057797 3.8399849708000958e-34 
0.2 1 0 1 0.018652686609186314 3.572293284138731e-33 
0.2 1 0 2 0.018667646156182355 2.1298065366501514e-33 
0.2 1 0 3 0.018660082025154442 6.822757934117161e-34 
0.2 1 0 4 0.018661204846379256 8.630199884651432e-34 
0.2 1 0 5 0.018659817830176097 2.1196574286277472e-33 
0.3 2 0 0 0.018664156894162818 4.040239059273079e-33 
0.3 2 0 1 0.019397212626624454 9.806003996602264e-33 
0.3 2 0 2 0.01944128496680319 2.7910636645496996e-33 
0.3 2 0 3 0.01946566129387362 4.654184741720593e-33 
0.3 2 0 4 0.019463422421650837 4.423627687854125e-33 
0.3 2 0 5 0.019461554689754128 8.139888425789493e-33 
0.4 3 0 0 0.01946533177997619 5.5137482304014235e-33 
0.4 3 0 1 0.02048613323870093 2.716283562864583e-32 
0.4 3 0 2 0.02026180726107334 1.6581890654683817e-32 
0.4 3 0 3 0.02018357039140083 9.812021792994503e-33 
0.4 3 0 4 0.02021326395426629 1.961336128107591e-32 
0.4 3 0 5 0.020189842574809352 1.6279544691444696e-32 
0.5 4 0 0 0.020180994350863502 4.264788827198769e-32 
0.5 4 0 1 0.022383175917547116 3.360885814767231e-31 
0.5 4 0 2 0.021297058661241586 1.8171642732920913e-31 
0.5 4 0 3 0.02093202195920962 1.3950007586208277e-31 
0.5 4 0 4 0.021011794563597096 6.081160239727573e-32 
0.5 4 0 5 0.020957674781193703 4.8334399895077114e-32 
0.6 5 0 0 0.02105454406014251 3.6369831654766455e-31 
0.6 5 0 1 0.029639023536047228 5.364822947781267e-30 
0.6 5 0 2 0.04906587348092258 3.810840590224562e-30 
0.6 5 0 3 0.023253050074364293 1.4162935222323003e-30 
0.6 5 0 4 0.02577285264038955 1.3529744845902293e-30 
0.6 5 0 5 0.02734286082985675 5.435751069727803e-31 
0.7 6 0 0 0.025466292740100864 2.5286595005962197e-31 
0.7 6 0 1 0.03216486697413783 1.2460228081654095e-29 
0.7 6 0 2 0.09507203350503673 3.993163713698118e-30 
0.7 6 0 3 0.04126013716876868 3.352893569901272e-30 
0.7 6 0 4 0.04455839606293969 1.088403196883989e-30 
0.7 6 0 5 0.03653041216300729 4.780814141856427e-30 
0.8 7 0 0 0.03978605334607118 1.695472113998921e-30 
0.8 7 0 1 0.03726130253764434 7.725052370670605e-28 
0.8 7 0 2 5.365688525120112 4.799559796818566e-28 
0.8 7 0 3 1.1370531754890185 1.19108993527916e-28 
0.8 7 0 4 0.4114415751054027 6.318220220031348e-29 
0.8 7 0 5 0.36066254884409865 4.198989501950827e-29 
0.9 8 0 0 0.3520944901829538 4.16120516385438e-28 
0.9 8 0 1 68.98345491467727 3.15136738720807e-17 
0.9 8 0 2 12546448.996482829 0.0022969186552066717 
0.9 8 0 3 4081618877.312989 846536.6994126091 
0.9 8 0 4 6251744920.2006 8823870.865760129 
0.9 8 0 5 6112409594.082001 3734916.3085379177 
1.0 9 0 0 4228540392.620664 5.293955920339377e-21 
1.0 9 0 1 2132815301.5104249 4.2739901091473885e-11 
1.0 9 0 2 4247964463.696977 2.80100216149112e-11 
1.0 9 0 3 2132815109.0876827 1.4789649810603125e-10 
1.0 9 0 4 4966753057.11912 2.5283398326485812e-11 
1.0 9 0 5 2513711427.750963 8.043832296395372e-11 
