-1 0 6.501884761416838 1.0126811102426405 0 0 
0 0.1 nan nan 3.53375423620752e-07 
1 0.2 5.680704009198465 1.0275883933945127 6.779865471492405e-09 
2 0.3 nan nan 2.399980716591622e-06 
3 0.4 5.039716778960274 1.0252981431272092 3.1926831883011612e-06 
4 0.5 nan nan 3.973577504840767e-05 
5 0.6 3.7317005020721368 0.8504087601319373 0.0010623864999167415 
6 0.7 nan nan 0.0025847612606772702 
7 0.8 9.22372866354691 2.3552111892672443 0.0811362723152882 
8 0.9 nan nan 2048389366.7040725 
9 1.0 1545107.9396161225 442346.75861020194 14345763.28821394 
