0.2 0 0 0 0.01682403348157394 1.8881540141925656e-19 
0.2 0 0 1 12569940066.8815 5532609247.036144 
0.2 0 0 2 3764014579.040023 5349608782.223275 
0.2 0 0 3 3463001730.8666015 6889840282.9732485 
0.2 0 0 4 4227988637.73798 4816789891.516022 
0.2 0 0 5 2847051382.774711 2887638390.397253 
0.4 1 0 0 219517538.20731688 192256423.79988092 
0.4 1 0 1 168953706.80517334 269375773.7557197 
0.4 1 0 2 190411340.69029683 309777459.8551169 
0.4 1 0 3 197225467.58285326 354466089.7998686 
0.4 1 0 4 213946955.1267361 329853798.4910908 
0.4 1 0 5 191629618.32356992 316272669.7891054 
0.6 2 0 0 19914505.985816907 39788561.451403566 
0.6 2 0 1 39778804.13468194 79306679.3103047 
0.6 2 0 2 59470825.61335458 117928396.0144715 
0.6 2 0 3 78601571.17489764 146776477.48751774 
0.6 2 0 4 91614925.44323581 84802335.25178407 
0.6 2 0 5 35906136390.11445 55020750866.8963 
0.8 3 0 0 3648020592.8123035 2880878977.6198697 
0.8 3 0 1 2355207922.2338533 3643723256.135716 
0.8 3 0 2 2428300743.73929 2804086078.7987466 
0.8 3 0 3 1679090779.5696878 2744035518.9963646 
0.8 3 0 4 1561128260.7383273 2698676384.4996853 
0.8 3 0 5 1496072089.886572 2962368431.3611608 
1.0 4 0 0 144848681.3287021 235473378.5443308 
1.0 4 0 1 231634090.12445545 439885565.97695315 
1.0 4 0 2 327144197.7953752 466207867.840314 
1.0 4 0 3 306392870.6383332 608271087.1428399 
1.0 4 0 4 376416727.04349935 641164969.7008318 
1.0 4 0 5 381097659.21405745 741060813.4595274 
1.2 5 0 0 58908418.5079669 108091404.36394192 
1.2 5 0 1 106819795.20956174 163277112.13554487 
1.2 5 0 2 121723231.0405955 224473395.87909544 
1.2 5 0 3 149040253.97636944 190122416.2730005 
1.2 5 0 4 117464960.1846606 218368807.21120697 
1.2 5 0 5 129649948.53874129 252330369.0063705 
1.4 6 0 0 19801036.165838465 21846242.6175027 
1.4 6 0 1 20474220.305247165 26571052.447607614 
1.4 6 0 2 18970541.84665908 36342237.66522526 
1.4 6 0 3 23504680.273845274 45551286.20082801 
1.4 6 0 4 27897088.96631815 54190911.69136917 
1.4 6 0 5 32041398.15941829 63815481.78242216 
1.6 7 0 0 4918243.017146154 9411429.347164463 
1.6 7 0 1 9350232.498827666 15794097.240335567 
1.6 7 0 2 11687622.590585453 18520548.316104636 
1.6 7 0 3 12086600.541815886 23402409.678101093 
1.6 7 0 4 14416141.659277864 28824132.864233196 
1.6 7 0 5 17125338.506949022 30762531.881167103 
1.8 8 0 0 2405221.2901009726 4803645.560902904 
1.8 8 0 1 4802235.109860372 9577356.928728767 
1.8 8 0 2 7178969.989229899 13974862.117663816 
1.8 8 0 3 9301525.26104924 17353684.414935656 
1.8 8 0 4 10819555.913489036 18429349.007183764 
1.8 8 0 5 10997942.526591405 21691711.30790346 
2.0 9 0 0 1760432.7470636002 3458244.4455032535 
2.0 9 0 1 3451558.1926437626 6803905.9751968635 
2.0 9 0 2 5096614.272770186 9741105.839603279 
2.0 9 0 3 6487093.821908146 12603574.254257804 
2.0 9 0 4 7869680.784304529 14493098.513119705 
2.0 9 0 5 8676358.934667816 16711930.687860675 
