0.2 0 0 0 0.002778415447235228 2.017087211790015e-31 
0.2 0 0 1 0.00010030615533538912 1.2418617399852971e-30 
0.2 0 0 2 4.9477105790643495e-06 1.6241557312006996e-31 
0.2 0 0 3 7.73024018898024e-08 4.346183256850479e-31 
0.2 0 0 4 2.9375865388880675e-08 9.976832027759311e-32 
0.2 0 0 5 1.615833213900137e-09 1.190336881174924e-31 
0.4 1 0 0 0.002076576849947374 1.3238555218266195e-30 
0.4 1 0 1 6.47255471953352e-05 3.405282095865194e-30 
0.4 1 0 2 2.4883185213002974e-06 1.231709584216359e-30 
0.4 1 0 3 1.0515412885839435e-06 2.278577297185033e-31 
0.4 1 0 4 4.0528981601473995e-08 1.0088550791622107e-31 
0.4 1 0 5 1.3452678672374849e-08 3.06038429921643e-31 
0.6 2 0 0 0.0016231081860817271 2.838223869801942e-31 
0.6 2 0 1 0.0001393607148163348 6.565363314766495e-30 
0.6 2 0 2 2.1927143191449768e-05 1.729466188118121e-30 
0.6 2 0 3 1.0762372726537512e-05 5.239182349978974e-31 
0.6 2 0 4 5.050536434601347e-06 6.386430507813885e-31 
0.6 2 0 5 1.2744160006198626e-06 2.1854845764404746e-31 
0.8 3 0 0 0.0013028774453768465 5.266905146523026e-31 
0.8 3 0 1 0.0008271998775312634 2.165490947273993e-29 
0.8 3 0 2 0.0005820183033061004 2.930482012160723e-29 
0.8 3 0 3 0.0005883875371219562 1.174354577393798e-29 
0.8 3 0 4 3.6581514216890755e-05 1.7377109995160948e-29 
0.8 3 0 5 2.9399436715960105e-05 4.353560118276991e-30 
1.0 4 0 0 0.0010626602921571513 5.266773677473259e-31 
1.0 4 0 1 0.002092593685692497 3.5061265414725456e-28 
1.0 4 0 2 0.009895777381133144 2.0899722991281886e-28 
1.0 4 0 3 0.006246279808387152 1.553602487349459e-28 
1.0 4 0 4 0.005491667481034015 1.0672148674206125e-28 
1.0 4 0 5 0.003642437415196581 4.050425329245325e-29 
1.2 5 0 0 0.0008784996680247442 1.6203949338065853e-30 
1.2 5 0 1 0.026929067971099695 9.503615859009995e-28 
1.2 5 0 2 1.2188546737247368 6.031303362118802e-28 
1.2 5 0 3 0.057348395861384516 2.841416505752788e-28 
1.2 5 0 4 0.020038517980158592 3.1663885619866935e-28 
1.2 5 0 5 0.03534941041817902 9.43686804058924e-29 
1.4 6 0 0 0.0007516080572257431 1.6430038374729487e-30 
1.4 6 0 1 0.026261356095914457 2.019011506111616e-27 
1.4 6 0 2 21.830410538618963 2.5940084642619358e-27 
1.4 6 0 3 1.4646743085990857 7.112554395192418e-28 
1.4 6 0 4 0.4016089102925417 8.411841615393057e-28 
1.4 6 0 5 0.4230356220199806 2.6184714848213696e-28 
1.6 7 0 0 0.0009000516928942733 7.43536628012096e-30 
1.6 7 0 1 0.0432639324501266 1.3327271366646008e-25 
1.6 7 0 2 635.5299369638739 8.089098007171252e-25 
1.6 7 0 3 747.4879778869416 2.510928262996471e-25 
1.6 7 0 4 43.87738461781755 1.8883107932665014e-25 
1.6 7 0 5 82.26962664794662 6.524901745294691e-25 
1.8 8 0 0 269254.2016604723 3.1825545697573514e-22 
1.8 8 0 1 315259.19207643997 6.719181829846439e-05 
1.8 8 0 2 436958914242072.94 187267790343325.38 
1.8 8 0 3 93633895171662.95 174627774383006.06 
1.8 8 0 4 87313887191503.16 106441870348198.33 
1.8 8 0 5 53220935174099.19 86499370212977.77 
2.0 9 0 0 0.0 0.0 
2.0 9 0 1 0.0 0.0 
2.0 9 0 2 0.0 0.0 
2.0 9 0 3 0.0 0.0 
2.0 9 0 4 0.0 0.0 
2.0 9 0 5 0.0 0.0 
