0.01 0 0 0 0.01680824813132864 4.027907948308993e-36 
0.01 0 0 1 0.016903576260336218 9.6655762296209e-35 
0.01 0 0 2 0.016903147035485722 9.194142382897128e-35 
0.01 0 0 3 0.016902877569907142 4.903595106418472e-35 
0.01 0 0 4 0.016902981928697228 3.98181288941191e-35 
0.01 0 0 5 0.01690293380681506 2.259959792882649e-35 
0.02 1 0 0 0.016902939273864395 1.2399300772566318e-35 
0.02 1 0 1 0.016996973694096033 8.507171101730728e-35 
0.02 1 0 2 0.016996915169253772 4.652088330520707e-35 
0.02 1 0 3 0.016996887685609665 6.453198613716378e-35 
0.02 1 0 4 0.016996785993770327 1.852977567885163e-35 
0.02 1 0 5 0.01699679653785707 2.824146921518557e-35 
0.03 2 0 0 0.01699686568163659 1.4503917954039902e-34 
0.03 2 0 1 0.01709029547494784 9.189314436609166e-35 
0.03 2 0 2 0.017089987226088628 6.413127855226258e-35 
0.03 2 0 3 0.017089872958076 2.8564504440505065e-35 
0.03 2 0 4 0.017090005222587874 4.990623899973222e-35 
0.03 2 0 5 0.017089916351589594 2.9988942736947875e-35 
0.04 3 0 0 0.017090027097043114 4.267426196887042e-35 
0.04 3 0 1 0.017182376370667968 4.3491769583199205e-35 
0.04 3 0 2 0.017182273061186127 2.787427555028891e-35 
0.04 3 0 3 0.017182306056676765 2.1939520210141337e-35 
0.04 3 0 4 0.017182222933541054 3.2727823322271295e-35 
0.04 3 0 5 0.01718224665164678 1.8302335098173895e-35 
0.05 4 0 0 0.017182316069197606 2.904936265116871e-35 
0.05 4 0 1 0.0172733143931174 5.032658901456145e-35 
0.05 4 0 2 0.017273792043123275 2.8099845405223914e-35 
0.05 4 0 3 0.017273749797362133 1.0094815643866156e-35 
0.05 4 0 4 0.017273753448024672 1.145494001885783e-35 
0.05 4 0 5 0.01727377952394672 1.4420796060267507e-35 
0.06 5 0 0 0.017273843489156428 3.872930981969222e-35 
0.06 5 0 1 0.017364435992152337 5.779092907105708e-35 
0.06 5 0 2 0.017364535885356722 4.3019833819867703e-35 
0.06 5 0 3 0.017364578705164686 2.024095189338075e-35 
0.06 5 0 4 0.01736453487305108 1.985292290946275e-35 
0.06 5 0 5 0.017364504857555616 1.5210589600492365e-35 
0.07 6 0 0 0.017364550458132386 1.6703357564245965e-35 
0.07 6 0 1 0.01745431856197456 2.6465868427073385e-35 
0.07 6 0 2 0.017454419443776147 3.259485239299959e-35 
0.07 6 0 3 0.017454385010389446 1.7280433963946257e-35 
0.07 6 0 4 0.017454404836545433 1.3056280178439263e-35 
0.07 6 0 5 0.017454387663111717 1.3421484981126156e-35 
0.08 7 0 0 0.01745448513724108 3.410156701981695e-35 
0.08 7 0 1 0.01754290499380994 3.229960072354265e-35 
0.08 7 0 2 0.01754356388525405 2.786138765627164e-35 
0.08 7 0 3 0.017543514074331648 1.9520576201582858e-35 
0.08 7 0 4 0.01754360898543349 1.120604265800346e-35 
0.08 7 0 5 0.017543554249737452 2.2544510532012463e-35 
0.09 8 0 0 0.01754359528074521 3.152261135886027e-36 
0.09 8 0 1 0.017631634855278407 3.137352553788649e-35 
0.09 8 0 2 0.017631914755785065 2.6378356407514125e-35 
0.09 8 0 3 0.01763188008186607 2.3006305313232534e-35 
0.09 8 0 4 0.017631843302413148 2.2139258054144797e-35 
0.09 8 0 5 0.01763188913219262 2.3770024242729213e-35 
0.10 9 0 0 0.017631876925490158 3.726689982882878e-36 
0.10 9 0 1 0.01771927722236487 1.9011623164410454e-35 
0.10 9 0 2 0.01771936471840771 1.3594676828107776e-35 
0.10 9 0 3 0.017719374892392583 2.6978046636739337e-35 
0.10 9 0 4 0.01771939928925046 3.062648453761096e-35 
0.10 9 0 5 0.017719379707639815 9.591800906011606e-36 
0.11 10 0 0 0.017719411331447554 2.935135948425664e-35 
0.11 10 0 1 0.01780601744028143 2.4170887259656065e-35 
0.11 10 0 2 0.01780618668983872 3.3634607109426187e-35 
0.11 10 0 3 0.01780616702869272 6.966124612294833e-36 
0.11 10 0 4 0.017806100677183436 2.475347693925368e-35 
0.11 10 0 5 0.017806107163137002 1.8391010405653317e-35 
0.12 11 0 0 0.017806140373369566 3.600657593116697e-36 
0.12 11 0 1 0.017892421980659347 1.4515764433797e-35 
0.12 11 0 2 0.017892031147430834 1.224924376150438e-35 
0.12 11 0 3 0.017892071523838825 1.216275068771566e-35 
0.12 11 0 4 0.017892055476647326 1.2728465953626652e-35 
0.12 11 0 5 0.017892081637888677 2.595792843900759e-35 
0.13 12 0 0 0.017892106289639973 1.4586667619710114e-35 
0.13 12 0 1 0.01797701147790847 1.381812263476756e-35 
0.13 12 0 2 0.017977256914021827 1.905510870677089e-35 
0.13 12 0 3 0.017977308147318537 9.696609242199134e-36 
0.13 12 0 4 0.017977271223034597 1.2350237875375893e-35 
0.13 12 0 5 0.01797724570762718 3.249054601313237e-35 
0.14 13 0 0 0.01797729517043316 4.211147467844074e-36 
0.14 13 0 1 0.01806164177218048 3.9183283617696103e-35 
0.14 13 0 2 0.01806168124485841 1.798773361288531e-35 
0.14 13 0 3 0.018061664089655136 1.3929427973575857e-35 
0.14 13 0 4 0.018061647341958937 2.515723035286576e-35 
0.14 13 0 5 0.018061700578529283 2.955036498257558e-35 
0.15 14 0 0 0.018061710826120236 1.7231106830954703e-35 
0.15 14 0 1 0.018144869256866848 2.3938655468570391e-35 
0.15 14 0 2 0.01814532314425558 1.6530857992327987e-35 
0.15 14 0 3 0.01814530437542334 3.328236152614776e-35 
0.15 14 0 4 0.01814534008930628 1.0364271415254275e-35 
0.15 14 0 5 0.01814533384423906 1.3478248969895617e-35 
0.16 15 0 0 0.018145367886167305 1.2029847481271955e-35 
0.16 15 0 1 0.018227989387805905 3.8367272500668547e-35 
0.16 15 0 2 0.0182282120954942 9.478665493829674e-36 
0.16 15 0 3 0.018228228687708122 2.2717258974528807e-35 
0.16 15 0 4 0.018228221448837893 1.6812707766586392e-35 
0.16 15 0 5 0.018228230552228594 1.2478778333305924e-35 
0.17 16 0 0 0.01822830019254216 1.2870968767924192e-35 
0.17 16 0 1 0.018310488899510837 1.5401006421194832e-35 
0.17 16 0 2 0.018310447085945935 3.0611911033581977e-35 
0.17 16 0 3 0.018310381408624787 1.79999308734512e-35 
0.17 16 0 4 0.018310349327345064 1.7915018374647133e-35 
0.17 16 0 5 0.018310376910314844 2.89504178561055e-35 
0.18 17 0 0 0.018310413886467862 3.9281511169379295e-36 
0.18 17 0 1 0.0183913982550719 3.68263957409868e-35 
0.18 17 0 2 0.01839172767660853 1.3240081323356615e-35 
0.18 17 0 3 0.018391764122408307 1.1005017716455972e-35 
0.18 17 0 4 0.018391784025105152 2.024122064000543e-35 
0.18 17 0 5 0.018391747607680954 2.3434473572409326e-35 
0.19 18 0 0 0.01839179162278425 1.0120096085680422e-35 
0.19 18 0 1 0.018472429313033202 1.9568468771561651e-35 
0.19 18 0 2 0.018472390682904488 2.812679945965791e-35 
0.19 18 0 3 0.018472375736060833 1.0296750980999945e-35 
0.19 18 0 4 0.018472367438556115 3.5327012482610164e-35 
0.19 18 0 5 0.01847242759870538 1.647598520717637e-35 
0.20 19 0 0 0.018472405681855132 1.249036212306268e-35 
0.20 19 0 1 0.018552464817428494 2.9510277532939195e-35 
0.20 19 0 2 0.018552223145677508 1.8655572820383243e-35 
0.20 19 0 3 0.018552236249696066 2.4434007884001233e-35 
0.20 19 0 4 0.018552227338439437 1.0193268878520604e-35 
0.20 19 0 5 0.018552228839030658 1.1035677857806094e-35 
0.21 20 0 0 0.018552259950474315 2.815836386407436e-35 
0.21 20 0 1 0.01863125950216412 2.633808595950868e-35 
0.21 20 0 2 0.018631329285540003 1.2911642433319762e-35 
0.21 20 0 3 0.018631356942216102 2.682934057465589e-35 
0.21 20 0 4 0.018631345581976103 1.7031254364765592e-35 
0.21 20 0 5 0.018631346289862342 1.4539222125248248e-35 
0.22 21 0 0 0.018631355326028307 8.281243078974199e-36 
0.22 21 0 1 0.018709085594725144 4.0800568586378513e-35 
0.22 21 0 2 0.01870971710016745 1.770638211794005e-35 
0.22 21 0 3 0.018709702035195182 1.5646905827299045e-35 
0.22 21 0 4 0.01870970580685216 1.4030730417951072e-35 
0.22 21 0 5 0.018709701845726828 1.4331239299620263e-35 
0.23 22 0 0 0.018709736482219668 3.6745680402237384e-35 
0.23 22 0 1 0.01878703162654938 2.7413279267469526e-35 
0.23 22 0 2 0.018787330641476467 1.546148924309125e-35 
0.23 22 0 3 0.018787361236042095 2.491144394746971e-35 
0.23 22 0 4 0.01878731842855054 2.2642599227279206e-35 
0.23 22 0 5 0.0187873367870148 1.4049226660849145e-35 
0.24 23 0 0 0.01878738416606958 5.707476916326833e-36 
0.24 23 0 1 0.0188641307475862 2.415052731222122e-35 
0.24 23 0 2 0.01886425616952654 2.699951443952969e-35 
0.24 23 0 3 0.018864249344126748 1.3664785337311448e-35 
0.24 23 0 4 0.018864235105303447 1.0511312600237461e-35 
0.24 23 0 5 0.018864240328970803 2.0421808506650594e-35 
0.25 24 0 0 0.018864302797638087 1.269324897744454e-35 
0.25 24 0 1 0.018940461616686086 2.4861472164460714e-35 
0.25 24 0 2 0.018940491015046246 1.1078439119437066e-35 
0.25 24 0 3 0.018940463668871952 1.5289050879899089e-35 
0.25 24 0 4 0.01894043991523124 1.3235777072572822e-35 
0.25 24 0 5 0.018940428658758723 9.396722402523453e-36 
0.26 25 0 0 0.01894047974331813 1.2247653574312905e-35 
0.26 25 0 1 0.01901614302440552 2.1597283485922908e-35 
0.26 25 0 2 0.019015917136896 2.327894298501763e-35 
0.26 25 0 3 0.019015912467027246 2.808522327053303e-35 
0.26 25 0 4 0.01901592101462263 1.8073724640670625e-35 
0.26 25 0 5 0.019015897396945477 9.09346832111071e-36 
0.27 26 0 0 0.01901593359286236 1.2135042787957194e-35 
0.27 26 0 1 0.019090610397942617 1.723274359573067e-35 
0.27 26 0 2 0.019090642033876844 2.63290286837001e-35 
0.27 26 0 3 0.019090643802439203 1.5369522092139938e-35 
0.27 26 0 4 0.019090640603503604 3.04074956223741e-35 
0.27 26 0 5 0.019090620830475035 1.6653856034571923e-35 
0.28 27 0 0 0.019090693374116497 5.0781820296788445e-36 
0.28 27 0 1 0.019164873372307132 2.265185147415092e-35 
0.28 27 0 2 0.019164636543019517 3.491194186870933e-35 
0.28 27 0 3 0.019164668320443008 2.007097126195997e-35 
0.28 27 0 4 0.019164660140592916 1.7271901390334654e-35 
0.28 27 0 5 0.019164669612685873 5.7018363677092793e-36 
0.29 28 0 0 0.019164733631519864 5.043239954142574e-36 
0.29 28 0 1 0.019237949717809993 4.674604829208522e-35 
0.29 28 0 2 0.019238003086559402 2.565568436868638e-35 
0.29 28 0 3 0.01923801483267112 1.2022021937529913e-35 
0.29 28 0 4 0.019238054652450945 1.6919239453256513e-35 
0.29 28 0 5 0.01923798859567244 2.773200171090017e-35 
0.30 29 0 0 0.01923802176478861 9.107758619216802e-36 
0.30 29 0 1 0.01931067144710427 2.3849152988620463e-35 
0.30 29 0 2 0.019310585350008905 1.575840308794502e-35 
0.30 29 0 3 0.019310601135271208 2.7836595166375985e-35 
0.30 29 0 4 0.019310585753495296 5.766775004831389e-36 
0.30 29 0 5 0.019310552750304143 3.010160701016532e-35 
0.31 30 0 0 0.019310610571618366 4.6259578692741875e-36 
0.31 30 0 1 0.019382478019097236 2.1998196546020518e-35 
0.31 30 0 2 0.019382464539870616 2.7753996312230004e-35 
0.31 30 0 3 0.019382489234701764 1.9974306510140734e-35 
0.31 30 0 4 0.0193824371018843 1.5381806345314488e-35 
0.31 30 0 5 0.019382489159323814 2.4727800756915265e-35 
0.32 31 0 0 0.019382497353415105 4.934385508046611e-36 
0.32 31 0 1 0.019453620498565114 2.976851984496649e-35 
0.32 31 0 2 0.019453654700184567 1.4311156562652825e-35 
0.32 31 0 3 0.019453637476457904 2.4838287468371093e-35 
0.32 31 0 4 0.019453675773412546 1.6564478214133374e-35 
0.32 31 0 5 0.019453643585496904 1.935791957429495e-35 
0.33 32 0 0 0.019453690232805066 7.638296174591604e-36 
0.33 32 0 1 0.019523710140999014 2.0932643633395623e-35 
0.33 32 0 2 0.019524162055864276 1.652280642282206e-35 
0.33 32 0 3 0.019524156234433425 1.9951811835835725e-35 
0.33 32 0 4 0.019524177798277365 1.2477386810299684e-35 
0.33 32 0 5 0.01952416465291103 2.542553026601818e-35 
0.34 33 0 0 0.01952419502795467 1.0635361153200493e-35 
0.34 33 0 1 0.019593734585327982 2.963429204345799e-35 
0.34 33 0 2 0.019593974309771695 1.1179910526775918e-35 
0.34 33 0 3 0.019593932789624565 7.77619861830564e-36 
0.34 33 0 4 0.019593954839064544 2.5135283462946037e-35 
0.34 33 0 5 0.01959394797474569 2.2388371848349574e-35 
0.35 34 0 0 0.01959400343181861 1.9092925651598223e-35 
0.35 34 0 1 0.0196631219900217 1.5951080236701604e-35 
0.35 34 0 2 0.01966309910707629 3.355670249303182e-35 
0.35 34 0 3 0.019663108423474025 1.531778193773128e-35 
0.35 34 0 4 0.019663111786532086 1.3873665173322805e-35 
0.35 34 0 5 0.019663093910749427 1.52755268475264e-35 
0.36 35 0 0 0.019663099576397322 6.087179272359402e-36 
0.36 35 0 1 0.01973113358270012 3.0747354937949757e-35 
0.36 35 0 2 0.019731467655026848 1.9119159481186003e-35 
0.36 35 0 3 0.019731483469937326 1.5673834613519138e-35 
0.36 35 0 4 0.01973150407241943 2.5513788482614894e-35 
0.36 35 0 5 0.019731449401215864 3.952958917525697e-35 
0.37 36 0 0 0.019731530781670763 3.0659614733513046e-35 
0.37 36 0 1 0.019799250011223506 2.3815434474135596e-35 
0.37 36 0 2 0.01979925277000495 2.933277046020422e-35 
0.37 36 0 3 0.019799258399329604 1.6344911739721453e-35 
0.37 36 0 4 0.01979927223430604 2.0017801379543751e-35 
0.37 36 0 5 0.019799235579139016 1.5018283425886036e-35 
0.38 37 0 0 0.0197992744889674 5.863992365399991e-36 
0.38 37 0 1 0.019866377688100647 2.3264700591000188e-35 
0.38 37 0 2 0.019866338896358155 1.6938592349142182e-35 
0.38 37 0 3 0.01986629886968272 1.5495579763082033e-35 
0.38 37 0 4 0.019866303712340525 2.1588892196827672e-35 
0.38 37 0 5 0.019866314730704073 1.0143258531777865e-35 
0.39 38 0 0 0.019866358384423376 7.028348141857264e-36 
0.39 38 0 1 0.0199324865480419 2.2857530699628205e-35 
0.39 38 0 2 0.019932709782472614 2.25107634534597e-35 
0.39 38 0 3 0.019932717576487728 6.783570766503696e-35 
0.39 38 0 4 0.01993270691779452 1.2063299840658488e-35 
0.39 38 0 5 0.019932723982102888 1.1431682561746746e-35 
0.40 39 0 0 0.01993273393566992 1.6694519132187418e-35 
0.40 39 0 1 0.01999855181573484 2.2488014796610625e-35 
0.40 39 0 2 0.019998447450282966 2.459522258637975e-35 
0.40 39 0 3 0.01999845641404489 7.2658852678464e-36 
0.40 39 0 4 0.019998437557783525 1.2671943896234457e-35 
0.40 39 0 5 0.01999844023277195 1.1001179997167308e-35 
0.41 40 0 0 0.019998514974724504 5.722932280425674e-36 
0.41 40 0 1 0.02006323483491546 4.5397622679743734e-35 
0.41 40 0 2 0.020063531007525663 1.4705072726520692e-35 
0.41 40 0 3 0.02006354903341815 1.4394614939645657e-35 
0.41 40 0 4 0.020063537986485545 1.490110563757732e-35 
0.41 40 0 5 0.020063522347401937 1.5397207445006109e-35 
0.42 41 0 0 0.020063610394089725 3.796566938700437e-36 
0.42 41 0 1 0.020128148188970546 2.3134518752942537e-35 
0.42 41 0 2 0.020127992032308622 1.29365621386952e-35 
0.42 41 0 3 0.02012801524700188 3.117902625271078e-35 
0.42 41 0 4 0.02012799297735278 1.4911142970321462e-35 
0.42 41 0 5 0.020127967193584086 2.0371137016081995e-35 
0.43 42 0 0 0.020128027741401947 3.8513750613134406e-36 
0.43 42 0 1 0.020191698074807647 3.4609313057881766e-35 
0.43 42 0 2 0.020191713785072455 2.099043040188822e-35 
0.43 42 0 3 0.020191741892123482 1.7494837796976693e-35 
0.43 42 0 4 0.02019180961384132 1.6690713278250672e-35 
0.43 42 0 5 0.02019173310947485 1.8923434362534468e-35 
0.44 43 0 0 0.020191762357275902 8.704267377260374e-36 
0.44 43 0 1 0.020255077680938576 2.9969460215349056e-35 
0.44 43 0 2 0.02025485429307251 1.1807481304138198e-35 
0.44 43 0 3 0.0202548262837023 1.3080009183693984e-35 
0.44 43 0 4 0.020254847024596283 1.9783396297854172e-35 
0.44 43 0 5 0.020254818193259774 1.7630651016357343e-35 
0.45 44 0 0 0.020254860264889568 6.036610504719173e-36 
0.45 44 0 1 0.020317452045158953 3.7685091889008875e-35 
0.45 44 0 2 0.02031727822524789 2.2345836946867336e-35 
0.45 44 0 3 0.020317303054705305 7.419974468427303e-36 
0.45 44 0 4 0.020317293460351812 1.6360452027586935e-35 
0.45 44 0 5 0.02031725870215506 2.833849552442938e-35 
0.46 45 0 0 0.020317300082837286 5.0070473974290556e-36 
0.46 45 0 1 0.02037880228472809 5.114590628456455e-35 
0.46 45 0 2 0.02037911243148322 1.1243612792657759e-35 
0.46 45 0 3 0.02037908088832296 1.317414415457999e-35 
0.46 45 0 4 0.020379107332953034 2.667880569476222e-35 
0.46 45 0 5 0.02037907373175219 9.437997077060365e-36 
0.47 46 0 0 0.02037911001827346 1.124966670470411e-35 
0.47 46 0 1 0.020439780680262976 1.5155777665325265e-35 
0.47 46 0 2 0.02044021353183513 1.765980089427455e-35 
0.47 46 0 3 0.020440243485267448 1.3831941007080083e-35 
0.47 46 0 4 0.02044027840273878 1.7026388518398844e-35 
0.47 46 0 5 0.02044024157747045 9.670307161493836e-36 
0.48 47 0 0 0.02044028202885124 7.311482151857904e-36 
0.48 47 0 1 0.02050080131982703 3.5381262149571056e-35 
0.48 47 0 2 0.020500759958646482 2.493056635778397e-35 
0.48 47 0 3 0.020500760830139766 1.207531809375335e-35 
0.48 47 0 4 0.02050077920663576 1.4361206908058933e-35 
0.48 47 0 5 0.02050078687431198 1.37376768925276e-35 
0.49 48 0 0 0.020500812581776873 5.98878517671499e-36 
0.49 48 0 1 0.020560632107600816 1.3404579503455178e-35 
0.49 48 0 2 0.02056069984905409 1.2931859874305987e-35 
0.49 48 0 3 0.020560667635765577 1.1358242863412902e-35 
0.49 48 0 4 0.020560679210339265 2.502168654152267e-35 
0.49 48 0 5 0.020560668555687514 8.8716145688726e-36 
0.50 49 0 0 0.020560712923036874 6.980925094445166e-36 
0.50 49 0 1 0.020620020933841236 1.9611529036653747e-35 
0.50 49 0 2 0.020619952537661284 1.7324810115558683e-35 
0.50 49 0 3 0.02061993449573 4.011549390102644e-35 
0.50 49 0 4 0.020619947344756667 2.3072631673039446e-35 
0.50 49 0 5 0.020619988844463043 6.264832441976217e-36 
0.51 50 0 0 0.02061996033443407 5.595444178363551e-36 
0.51 50 0 1 0.020678613462106032 1.916868392488364e-35 
0.51 50 0 2 0.02067856998933544 1.8515715610579978e-35 
0.51 50 0 3 0.02067858643197908 1.0794710842930104e-35 
0.51 50 0 4 0.020678577791693117 1.148367508440363e-35 
0.51 50 0 5 0.020678563579833168 2.37707235018733e-35 
0.52 51 0 0 0.020678604630657998 2.43838372272253e-36 
0.52 51 0 1 0.02073626798088189 1.352768139873089e-35 
0.52 51 0 2 0.020736575561100465 8.846873512235788e-36 
0.52 51 0 3 0.020736619403290708 1.7197940095081226e-35 
0.52 51 0 4 0.020736624352442556 1.252134300957793e-35 
0.52 51 0 5 0.020736622171514927 1.758710520695255e-35 
0.53 52 0 0 0.02073661659210513 3.701232806609885e-35 
0.53 52 0 1 0.020793608816974826 2.854944165910428e-35 
0.53 52 0 2 0.020793993347996743 1.9975694087090496e-35 
0.53 52 0 3 0.020794005435414212 2.755253290999823e-35 
0.53 52 0 4 0.020793997486503256 1.824544948510552e-35 
0.53 52 0 5 0.020793973561238268 1.4490942483002436e-35 
0.54 53 0 0 0.02079400960305521 6.028181146503068e-36 
0.54 53 0 1 0.020850766526886 3.063050933584981e-35 
0.54 53 0 2 0.020850779458650402 1.8344077220655139e-35 
0.54 53 0 3 0.020850785089826008 1.507663986144074e-35 
0.54 53 0 4 0.020850774987523076 2.1855281142448715e-35 
0.54 53 0 5 0.020850785103503546 1.5093959462044287e-35 
0.55 54 0 0 0.020850788545017974 4.3998116267208044e-36 
0.55 54 0 1 0.020906766570512627 1.929280103287079e-35 
0.55 54 0 2 0.020906948660982028 2.1138911897484976e-35 
0.55 54 0 3 0.020906939449633694 1.6503108426360987e-35 
0.55 54 0 4 0.020906958805005687 1.1188702340603416e-35 
0.55 54 0 5 0.020906922739291275 1.127752161468447e-35 
0.56 55 0 0 0.020906988670645218 1.2486194219878443e-35 
0.56 55 0 1 0.020962398184837878 9.100477952340894e-36 
0.56 55 0 2 0.020962549351292943 1.6529072043040402e-35 
0.56 55 0 3 0.020962545303072618 1.5196042508136843e-35 
0.56 55 0 4 0.020962544506505677 1.680448741348303e-35 
0.56 55 0 5 0.020962535159571267 1.765276615177589e-35 
0.57 56 0 0 0.020962560497416134 3.605924220717099e-35 
0.57 56 0 1 0.021017088674750085 1.6146181878430004e-35 
0.57 56 0 2 0.021017478066562567 3.4348517467948596e-35 
0.57 56 0 3 0.02101750826312762 1.798054569164891e-35 
0.57 56 0 4 0.02101752537177738 2.604490544281317e-35 
0.57 56 0 5 0.021017506016439327 1.1629894413442683e-35 
0.58 57 0 0 0.021017542302547654 1.5949389602170043e-35 
0.58 57 0 1 0.021071753565676872 2.5694108914250737e-35 
0.58 57 0 2 0.021071917278645984 3.108869671519681e-35 
0.58 57 0 3 0.02107186892560037 1.4009249521427873e-35 
0.58 57 0 4 0.02107190937593007 1.2038408833875603e-35 
0.58 57 0 5 0.021071896788788697 9.561969974619959e-36 
0.59 58 0 0 0.021071922077342802 3.4623330259652004e-36 
0.59 58 0 1 0.02112538972983144 9.86800530838314e-36 
0.59 58 0 2 0.02112566905390142 2.1176864351201899e-35 
0.59 58 0 3 0.02112561291002409 1.0430334857838117e-35 
0.59 58 0 4 0.021125658075734202 9.045116932383529e-36 
0.59 58 0 5 0.021125661652734367 1.6030197234106527e-35 
0.60 59 0 0 0.021125694164347918 2.2205994454901844e-35 
0.60 59 0 1 0.02117868522974604 2.841509350287328e-35 
0.60 59 0 2 0.021178846408971976 3.088837336455405e-35 
0.60 59 0 3 0.021178850157497615 1.962871949359082e-35 
0.60 59 0 4 0.021178855485442398 2.6249384349657074e-35 
0.60 59 0 5 0.02117881688518109 9.251664290285429e-36 
0.61 60 0 0 0.02117887977202043 1.9343229675437763e-36 
0.61 60 0 1 0.02123112979962927 4.6989999243121527e-35 
0.61 60 0 2 0.02123148954642497 1.6415784348951752e-35 
0.61 60 0 3 0.021231486584074637 7.542498804527966e-36 
0.61 60 0 4 0.02123143598841253 2.15391044435434e-35 
0.61 60 0 5 0.021231455820534317 1.0649344579554584e-35 
0.62 61 0 0 0.02123144765066345 1.1115978634006785e-35 
0.62 61 0 1 0.021283259706984147 1.8728914584770014e-35 
0.62 61 0 2 0.02128341833077264 1.7008332081431592e-35 
0.62 61 0 3 0.021283410608179242 1.423813729869983e-35 
0.62 61 0 4 0.021283415797743937 1.998128313798949e-35 
0.62 61 0 5 0.021283429371164432 1.8443109606359693e-35 
0.63 62 0 0 0.02128345186629677 2.0264476365396247e-36 
0.63 62 0 1 0.021334609481213556 2.37376670280453e-35 
0.63 62 0 2 0.0213348490000401 3.065564858545825e-35 
0.63 62 0 3 0.021334857023222728 3.3644926988782294e-35 
0.63 62 0 4 0.021334846250895496 1.2900063986155718e-35 
0.63 62 0 5 0.02133482833880274 1.508944947822515e-35 
0.64 63 0 0 0.0213348938409043 4.655229777007476e-36 
0.64 63 0 1 0.02138561187978134 7.762261864298854e-36 
0.64 63 0 2 0.021385725359777865 3.309521047075276e-35 
0.64 63 0 3 0.021385736588229922 2.2809802787824157e-35 
0.64 63 0 4 0.021385740696275007 8.901166944550319e-36 
0.64 63 0 5 0.021385724202694557 8.785720398837144e-36 
0.65 64 0 0 0.021385740787116587 1.810272843856538e-36 
0.65 64 0 1 0.021435979511824573 2.688087176743753e-35 
0.65 64 0 2 0.02143597333424627 2.7014325962510626e-35 
0.65 64 0 3 0.02143600388318385 7.540856527569327e-36 
0.65 64 0 4 0.021435984490061392 1.3974246565560212e-35 
0.65 64 0 5 0.02143597255257129 1.414861132177725e-35 
0.66 65 0 0 0.02143602251639052 3.2237211186382416e-36 
0.66 65 0 1 0.021485802370807577 2.326928734355439e-35 
0.66 65 0 2 0.021485723015163306 1.6256774774678262e-35 
0.66 65 0 3 0.021485707399472087 1.0737950766585957e-35 
0.66 65 0 4 0.021485685769061923 2.5898521096866964e-35 
0.66 65 0 5 0.021485722044980067 1.1556455432573652e-35 
0.67 66 0 0 0.0214857210982704 1.9450142317181607e-36 
0.67 66 0 1 0.021534638322228426 1.5404257254265867e-35 
0.67 66 0 2 0.02153483556410042 1.7170389446233834e-35 
0.67 66 0 3 0.021534845131550632 2.1672895847078942e-35 
0.67 66 0 4 0.02153485296050293 1.518533291086223e-35 
0.67 66 0 5 0.021534786297372068 6.908939348365445e-36 
0.68 67 0 0 0.021534842252288244 1.6543406269926565e-35 
0.68 67 0 1 0.021583106086907687 2.1907415723138713e-35 
0.68 67 0 2 0.02158339481940956 1.0105387151584898e-35 
0.68 67 0 3 0.021583386728987967 1.4078636261028928e-35 
0.68 67 0 4 0.02158339098662525 1.3317002878431513e-35 
0.68 67 0 5 0.02158339082209503 1.7587382148370654e-35 
0.69 68 0 0 0.02158340833540621 2.9039270476294937e-36 
0.69 68 0 1 0.0216311299283562 1.0402281266156293e-35 
0.69 68 0 2 0.02163136769581806 2.155580487201269e-35 
0.69 68 0 3 0.021631374715893666 2.1392919552815404e-35 
0.69 68 0 4 0.02163138333739529 8.505965083736236e-36 
0.69 68 0 5 0.021631372574930037 1.232344899479448e-35 
0.70 69 0 0 0.02163143663109374 3.6045418319410664e-35 
0.70 69 0 1 0.0216788105488869 1.8435777115963329e-35 
0.70 69 0 2 0.021678865396379424 1.3195383982925784e-35 
0.70 69 0 3 0.02167886586866353 1.5703888497101657e-35 
0.70 69 0 4 0.021678878583858804 1.9094319414404894e-35 
0.70 69 0 5 0.021678830075790485 1.6807444085980428e-35 
0.71 70 0 0 0.021678865979539316 2.5712030324199917e-36 
0.71 70 0 1 0.021725571210819805 1.8582803592917831e-35 
0.71 70 0 2 0.021725770841546886 2.2531807413911337e-35 
0.71 70 0 3 0.021725720163419813 1.5101096802011316e-35 
0.71 70 0 4 0.021725754336771014 4.951275619582224e-36 
0.71 70 0 5 0.021725754349007947 1.536095107810886e-35 
0.72 71 0 0 0.021725778043786816 2.556210557666411e-36 
0.72 71 0 1 0.02177203470847439 1.4535520006809376e-35 
0.72 71 0 2 0.021772122071359035 2.1412524996315507e-35 
0.72 71 0 3 0.021772085260863848 1.4324360067619977e-35 
0.72 71 0 4 0.021772103799219275 1.4597602954606622e-35 
0.72 71 0 5 0.021772086837499083 1.8890702900267098e-35 
0.73 72 0 0 0.021772126394064565 7.931364367132411e-36 
0.73 72 0 1 0.021817522173649143 2.5988767408462534e-35 
0.73 72 0 2 0.021817875425184055 2.4574934116376965e-35 
0.73 72 0 3 0.021817922276481733 1.3986292799782816e-35 
0.73 72 0 4 0.02181793388317045 2.3455900659071496e-35 
0.73 72 0 5 0.021817911656072712 3.395393477926877e-35 
0.74 73 0 0 0.021817922957498632 5.784797101972589e-36 
0.74 73 0 1 0.021863145152277955 1.0732337321883301e-35 
0.74 73 0 2 0.021863130523824537 5.948986494350032e-36 
0.74 73 0 3 0.021863174701017774 9.377403586216433e-36 
0.74 73 0 4 0.02186316198320032 1.458293295156019e-35 
0.74 73 0 5 0.0218631430769276 1.8446153809564368e-35 
0.75 74 0 0 0.021863169626921995 1.2188285583173012e-35 
0.75 74 0 1 0.021907792612174078 2.0926456216841976e-35 
0.75 74 0 2 0.021907853720095925 1.8712311731515384e-35 
0.75 74 0 3 0.02190787620235311 1.5974150317787227e-35 
0.75 74 0 4 0.02190785566781048 1.3228609778449814e-35 
0.75 74 0 5 0.02190786463792661 1.3141352425268261e-35 
0.76 75 0 0 0.021907896859466883 5.8321289420844184e-36 
0.76 75 0 1 0.021952117369658627 2.0915671285761924e-35 
0.76 75 0 2 0.021952023093413337 9.232468519193967e-36 
0.76 75 0 3 0.021952057973846188 1.2748158031003008e-35 
0.76 75 0 4 0.02195202669542734 5.155355615989691e-36 
0.76 75 0 5 0.021952036750846057 1.0897618256093646e-35 
0.77 76 0 0 0.02195207379603437 4.074476053259285e-36 
0.77 76 0 1 0.02199547549745345 1.8177585205839208e-35 
0.77 76 0 2 0.021995671938853722 9.729684549478489e-36 
0.77 76 0 3 0.021995672058136413 2.1391191180079115e-35 
0.77 76 0 4 0.02199571759948857 1.2563850647397244e-35 
0.77 76 0 5 0.021995697114695213 1.2113649368891923e-35 
0.78 77 0 0 0.02199573479121816 1.4709221479067473e-36 
0.78 77 0 1 0.022038615343385557 2.0482693467575104e-35 
0.78 77 0 2 0.02203880675182318 2.1754827458948142e-35 
0.78 77 0 3 0.022038801147149803 1.0248170541630979e-35 
0.78 77 0 4 0.022038821670174617 6.205124302712434e-36 
0.78 77 0 5 0.02203881374561682 6.330468992995888e-36 
0.79 78 0 0 0.02203882458957595 2.4302128281605445e-35 
0.79 78 0 1 0.022080985231379007 1.266105062796753e-35 
0.79 78 0 2 0.022081393908495863 1.6612660281164517e-35 
0.79 78 0 3 0.022081379969728688 7.853024750560311e-36 
0.79 78 0 4 0.022081380883326698 1.4735110108412495e-35 
0.79 78 0 5 0.022081352800562067 1.0338996564796045e-35 
0.80 79 0 0 0.022081403575563582 7.079256536338353e-36 
0.80 79 0 1 0.022123169099787687 8.833439701063426e-36 
0.80 79 0 2 0.02212343155056814 2.1418880299635566e-35 
0.80 79 0 3 0.022123440604937875 3.6259859515962695e-35 
0.80 79 0 4 0.022123438796725178 2.1115434296385148e-35 
0.80 79 0 5 0.022123457616145783 7.887545570073138e-36 
0.81 80 0 0 0.02212347209555289 3.051854311806106e-36 
0.81 80 0 1 0.022164694657530112 1.2986793285234362e-35 
0.81 80 0 2 0.02216499589606122 1.1778163539454572e-35 
0.81 80 0 3 0.02216499209470226 1.877873103664684e-35 
0.81 80 0 4 0.022164991157959196 1.808422222709278e-35 
0.81 80 0 5 0.02216496429551894 6.252543704646577e-36 
0.82 81 0 0 0.022164994811078448 1.0956264025624585e-35 
0.82 81 0 1 0.02220583950981778 1.177052397411793e-35 
0.82 81 0 2 0.022205994623270647 1.378962421490122e-35 
0.82 81 0 3 0.02220601042097566 9.357509721861208e-36 
0.82 81 0 4 0.02220596333478655 1.1932244130457709e-35 
0.82 81 0 5 0.0222060048465625 3.080332149820992e-35 
0.83 82 0 0 0.022206023891430025 2.6347944956178926e-36 
0.83 82 0 1 0.022246177349408636 1.2588077999227426e-35 
0.83 82 0 2 0.02224650276389275 1.5740657133875913e-35 
0.83 82 0 3 0.022246479002078174 1.6803913441632046e-35 
0.83 82 0 4 0.02224647935951733 1.6315280442914226e-35 
0.83 82 0 5 0.022246474690183926 9.046518858629565e-36 
0.84 83 0 0 0.022246513771924006 2.3393216588958984e-36 
0.84 83 0 1 0.022286116409341288 1.2475204999801115e-35 
0.84 83 0 2 0.02228647078221202 8.98999411074432e-36 
0.84 83 0 3 0.022286478228951582 2.4286816031407175e-35 
0.84 83 0 4 0.02228648161712737 4.896365884992695e-36 
0.84 83 0 5 0.022286463776434368 4.2582404827555706e-36 
0.85 84 0 0 0.022286492822385876 8.532499734488201e-36 
0.85 84 0 1 0.022325782013629527 2.264034118614418e-35 
0.85 84 0 2 0.022325930844963593 1.0952791300269812e-35 
0.85 84 0 3 0.022325962480998975 1.0994204804248185e-35 
0.85 84 0 4 0.022325933752977988 1.8156585010741202e-35 
0.85 84 0 5 0.02232592630916505 9.146680533950944e-36 
0.86 85 0 0 0.022325975458038168 1.110412306461865e-35 
0.86 85 0 1 0.02236464634235329 1.592980668750957e-35 
0.86 85 0 2 0.02236492560575235 1.5282696473410045e-35 
0.86 85 0 3 0.022364897722589032 7.524791055460188e-36 
0.86 85 0 4 0.022364948438052184 1.918197065576919e-35 
0.86 85 0 5 0.022364913287540013 1.3272908925909025e-35 
0.87 86 0 0 0.022364931577362985 6.290230330818675e-36 
0.87 86 0 1 0.022403029637028317 1.325430219342964e-35 
0.87 86 0 2 0.022403403366105638 1.8642531103731585e-35 
0.87 86 0 3 0.022403399524861943 9.341907732021742e-36 
0.87 86 0 4 0.022403374733609892 1.45517885214608e-35 
0.87 86 0 5 0.022403359584418872 1.1734644993712704e-35 
0.88 87 0 0 0.022403375811705623 4.782206271120005e-36 
0.88 87 0 1 0.022441084707072456 2.3984317799175698e-35 
0.88 87 0 2 0.022441318875344698 2.789050547247998e-35 
0.88 87 0 3 0.02244129168349291 1.0878088863863796e-35 
0.88 87 0 4 0.022441311149812147 1.331067555623919e-35 
0.88 87 0 5 0.022441312362778246 6.186327442057409e-36 
0.89 88 0 0 0.022441326026367815 1.0670479333023908e-36 
0.89 88 0 1 0.022478560671969714 1.8610372178385575e-35 
0.89 88 0 2 0.022478748050410162 1.1116710486263688e-35 
0.89 88 0 3 0.022478764872565893 7.311244828300309e-36 
0.89 88 0 4 0.022478754676721217 1.8934263058968165e-35 
0.89 88 0 5 0.022478746636502053 1.0198968957099519e-35 
0.90 89 0 0 0.02247878167105092 2.2200530740653406e-36 
0.90 89 0 1 0.022515491136253687 3.018931726301054e-35 
0.90 89 0 2 0.02251575310808846 9.773273406772102e-36 
0.90 89 0 3 0.022515714330250937 1.3945840698654846e-35 
0.90 89 0 4 0.02251571570382914 9.698141208942661e-36 
0.90 89 0 5 0.022515731777496818 9.26000266635065e-36 
0.91 90 0 0 0.022515757487254276 4.227330799554325e-36 
0.91 90 0 1 0.02255191840948433 2.467347575614893e-35 
0.91 90 0 2 0.022552177840304326 1.1024300300789897e-35 
0.91 90 0 3 0.022552196264994977 7.02375595997216e-36 
0.91 90 0 4 0.02255219210961849 2.0138609539809964e-35 
0.91 90 0 5 0.02255219197154774 7.871004418792493e-36 
0.92 91 0 0 0.022552233934772254 1.1313865857928017e-35 
0.92 91 0 1 0.022587988630420157 3.3981078625566777e-35 
0.92 91 0 2 0.022588211451689374 9.006111240320047e-36 
0.92 91 0 3 0.022588185159451633 1.740222026417173e-35 
0.92 91 0 4 0.022588172734890232 2.287425982669005e-35 
0.92 91 0 5 0.02258819030106266 8.85261107835122e-36 
0.93 92 0 0 0.022588207116236183 2.695347913442058e-36 
0.93 92 0 1 0.02262338294761613 1.2198532631004826e-35 
0.93 92 0 2 0.02262368297094004 1.8109300492192048e-35 
0.93 92 0 3 0.022623681948600725 1.8649768171307726e-35 
0.93 92 0 4 0.0226237107713754 8.454469764195269e-36 
0.93 92 0 5 0.022623677640422137 9.511439645253464e-36 
0.94 93 0 0 0.02262369279371092 1.9941051664823727e-36 
0.94 93 0 1 0.022658354902151342 1.8686561201885648e-35 
0.94 93 0 2 0.022658675793281083 1.0754330488283511e-35 
0.94 93 0 3 0.022658666955232654 1.4582795198315957e-35 
0.94 93 0 4 0.022658681046846634 9.302726978543714e-36 
0.94 93 0 5 0.02265867984869997 1.3092792971745101e-35 
0.95 94 0 0 0.022658706572198803 6.332457987420353e-36 
0.95 94 0 1 0.022693047386726162 1.6525863540393382e-35 
0.95 94 0 2 0.02269320072169015 8.142166657819305e-36 
0.95 94 0 3 0.02269320688648519 1.4839464648105336e-35 
0.95 94 0 4 0.02269319464390527 1.3552888807496635e-35 
0.95 94 0 5 0.022693196602157847 7.76275906741477e-36 
0.96 95 0 0 0.022693223193573794 7.995950543227559e-36 
0.96 95 0 1 0.022727069844772373 1.1089560900247171e-35 
0.96 95 0 2 0.022727235404608602 8.607974948417794e-36 
0.96 95 0 3 0.022727247844964445 7.330737629824658e-36 
0.96 95 0 4 0.022727235893706694 1.4606516737452452e-35 
0.96 95 0 5 0.02272724969177032 1.1824763596571429e-35 
0.97 96 0 0 0.022727251268679294 1.1125664083907205e-35 
0.97 96 0 1 0.022760717803076484 9.89054374804179e-36 
0.97 96 0 2 0.022760756192471084 7.931559884001294e-36 
0.97 96 0 3 0.02276078078585424 8.753833392655536e-36 
0.97 96 0 4 0.02276078983249869 1.0611840541346249e-35 
0.97 96 0 5 0.02276079465809467 7.388322073239787e-36 
0.98 97 0 0 0.02276082095429904 7.461791292118047e-36 
0.98 97 0 1 0.02279356405571692 9.270710828695633e-36 
0.98 97 0 2 0.022793893954739776 8.373759277439043e-36 
0.98 97 0 3 0.022793892194539 9.037652428461438e-36 
0.98 97 0 4 0.022793870467518695 1.3112457247359929e-35 
0.98 97 0 5 0.022793887751867685 9.273504636680316e-36 
0.99 98 0 0 0.022793911353598074 2.45633153659423e-36 
0.99 98 0 1 0.022826369131833946 1.1785652437180332e-35 
0.99 98 0 2 0.022826540054339206 1.620232134771027e-35 
0.99 98 0 3 0.022826514089577338 2.2877999970764044e-35 
0.99 98 0 4 0.022826501885305477 8.234366626102673e-36 
0.99 98 0 5 0.02282649559919213 1.1678836275711567e-35 
1.00 99 0 0 0.022826519847279556 8.9613689387025e-37 
1.00 99 0 1 0.02285843162590203 1.838330945223355e-35 
1.00 99 0 2 0.02285866628428503 1.3884084914812665e-35 
1.00 99 0 3 0.02285865734007146 1.0304257635979843e-35 
1.00 99 0 4 0.0228586350776105 7.002181434290761e-36 
1.00 99 0 5 0.022858647243587764 5.718439220963904e-36 
