-1 0 6.501884761416838 1.0126811102426405 0 0 
0 0.01 6.4435078270255 1.013278408093165 4.100585660698809e-11 
1 0.02 6.387970329619747 1.0138727353440213 2.844969354716328e-11 
2 0.03 6.33487406454958 1.014446793556421 1.3031957801611647e-13 
3 0.04 6.284005239898942 1.0150062926688916 1.8967587869340228e-11 
4 0.05 6.235323692908348 1.0155803556390701 5.42318361498359e-13 
5 0.06 6.188580131797205 1.0161604690256545 3.3654950621428405e-13 
6 0.07 6.14355816721193 1.0167396409324163 1.0717297917076383e-14 
7 0.08 6.100245618019919 1.017341590826767 2.797707739923888e-11 
8 0.09 6.058258629882241 1.0179255900990285 5.5583301941379355e-14 
9 0.10 6.017841915925705 1.0185536912899067 1.123927726090388e-10 
10 0.11 5.978423082943314 1.0191483536160777 2.573684927799364e-12 
11 0.12 5.940202702181853 1.0197606213647141 2.7079696396506145e-11 
12 0.13 5.902847461329917 1.020349022524261 1.7445587186402716e-12 
13 0.14 5.866513692316301 1.0209546442405015 4.270291739548289e-12 
14 0.15 5.8311141790457155 1.021575664108908 2.3545926212525782e-11 
15 0.16 5.796395598480409 1.0221796713206526 1.529487721560385e-14 
16 0.17 5.762457771655299 1.0227949639383516 2.74062378535986e-12 
17 0.18 5.72938556323786 1.0234468924846858 8.378810792625767e-11 
18 0.19 5.696686137226303 1.024056669650742 2.8457542893842255e-12 
19 0.20 5.664606770461563 1.024676547316112 1.7431928598522442e-13 
20 0.21 5.633222597759659 1.0253280035079897 3.147023503589874e-11 
21 0.22 5.602147679870245 1.0259479017513342 7.1426243466585225e-12 
22 0.23 5.571654650141372 1.0265922533862648 2.6342467848572034e-12 
23 0.24 5.541519386892313 1.0272257783649834 4.264811798056129e-12 
24 0.25 5.511853739999317 1.0278744576433103 1.6742121105735717e-15 
25 0.26 5.482570041033168 1.0285269833120756 1.922271210543884e-13 
26 0.27 5.453668203762556 1.0291878562830719 3.5928259564234904e-15 
27 0.28 5.425216425267654 1.0298742390663893 1.68732939218102e-11 
28 0.29 5.396997867337454 1.0305488972416588 2.7098245351066538e-14 
29 0.30 5.369046595141431 1.0312215656285677 3.0691957686519113e-12 
30 0.31 5.341499630760917 1.0319217908388183 6.699752337979029e-12 
31 0.32 5.314183462941977 1.0326191835121712 1.9141509970689034e-13 
32 0.33 5.287170595603318 1.033330462641699 3.1441705162302455e-12 
33 0.34 5.26033939616891 1.0340343362357822 1.962338621100669e-12 
34 0.35 5.23380111103869 1.0347548416410095 2.154323367105941e-13 
35 0.36 5.207482248313242 1.0354796394691423 1.2040302748476337e-13 
36 0.37 5.181405501281317 1.0362151567093523 3.819505812993209e-14 
37 0.38 5.15564591159367 1.0369783300122732 1.641181944266124e-11 
38 0.39 5.129985737057307 1.0377271035565265 4.078951248808915e-13 
39 0.40 5.104624596337239 1.0385032234025282 9.544110200432995e-12 
40 0.41 5.079417712844271 1.0392788011526137 1.3508091735220145e-12 
41 0.42 5.054387137345781 1.040059518311447 1.4508891361124238e-13 
42 0.43 5.029458487704511 1.0408311238620336 1.0538568673582156e-11 
43 0.44 5.0047167297991715 1.0416121086881203 1.0461615561554179e-11 
44 0.45 4.980199771153249 1.0424114486573737 2.221084792904057e-12 
45 0.46 4.955851134032488 1.0432183729346223 3.6554440301998895e-12 
46 0.47 4.931690283026844 1.0440378650382447 2.0299006422900256e-12 
47 0.48 4.907774565219827 1.044883018344708 2.5237053834161585e-12 
48 0.49 4.88394495496534 1.045720831607742 3.177205952915441e-12 
49 0.50 4.8603222121203435 1.0465777386248274 1.7060051335679184e-14 
50 0.51 4.83683811399642 1.047439799457139 1.3680948193878892e-12 
51 0.52 4.813485596157894 1.0483060263600084 5.657914402896681e-12 
52 0.53 4.790404953490198 1.0492076407614783 4.819045840504309e-12 
53 0.54 4.767359578935147 1.0500935151082529 7.774260610397597e-12 
54 0.55 4.744571736418701 1.0510129663469214 1.761192996695919e-12 
55 0.56 4.721845068862055 1.051923144012687 6.0231980885977855e-12 
56 0.57 4.699319012922763 1.052855420559383 2.651901177697658e-13 
57 0.58 4.67697880843453 1.0538071138297203 8.003129208070743e-13 
58 0.59 4.654753190864834 1.0547626486359338 3.160883379498619e-13 
59 0.60 4.6326532925951245 1.0557248472886156 2.2948127735812863e-12 
60 0.61 4.610676865664286 1.0566935092732797 6.261355192919109e-12 
61 0.62 4.588889168226287 1.0576839697108174 6.613353014270382e-13 
62 0.63 4.567231467390721 1.0586831543113515 2.1223871537590696e-12 
63 0.64 4.5457443596682845 1.0597008279768914 1.6472126916589108e-13 
64 0.65 4.524356775705014 1.0607207834828156 5.07735877895587e-12 
65 0.66 4.503085484019457 1.0617471396034617 1.1241051436477987e-11 
66 0.67 4.482016667716812 1.0628005577986679 7.773854487953543e-13 
67 0.68 4.461043966249707 1.063856242491499 7.683060473151055e-12 
68 0.69 4.440182428347676 1.0649179373926991 1.615266456169183e-11 
69 0.70 4.419548389575143 1.0660138942704456 1.7941390536970804e-13 
70 0.71 4.399013860322088 1.0671137330680962 4.363475321524822e-12 
71 0.72 4.378613221875696 1.0682259805385808 5.340115029631155e-12 
72 0.73 4.3584024575102145 1.0693646521504776 3.315715228408135e-14 
73 0.74 4.338321360122466 1.0705154054559969 2.6895669865182446e-13 
74 0.75 4.318334953095471 1.0716698225777603 5.312140533092414e-12 
75 0.76 4.298554896230238 1.0728558855950185 3.381200084646664e-13 
76 0.77 4.278824656868065 1.0740348929248347 8.88512641801364e-12 
77 0.78 4.259242160167764 1.0752314863263845 6.06445861359865e-12 
78 0.79 4.239812470358892 1.076447293652232 3.026523723930848e-12 
79 0.80 4.220534313515906 1.0776823562865485 1.0950508851257525e-12 
80 0.81 4.201381478163844 1.0789303072161913 1.930657095777034e-12 
81 0.82 4.182325492474727 1.0801840448700928 8.589359104714063e-12 
82 0.83 4.163414174409276 1.0814561179481708 5.907724934091814e-12 
83 0.84 4.144677074766965 1.0827545885333623 4.831248644463813e-13 
84 0.85 4.126036109179992 1.084059419677888 4.759390773436391e-12 
85 0.86 4.1075244320356035 1.0853795037027691 5.122523212046614e-12 
86 0.87 4.089141103548994 1.0867148745931514 5.5479531159235214e-12 
87 0.88 4.070898396772812 1.0880690956644474 3.720123522146345e-12 
88 0.89 4.0527535015807175 1.0894310020832063 1.0718367630709994e-11 
89 0.90 4.0347748263261805 1.090819237889362 3.001559194884601e-12 
90 0.91 4.016925953645601 1.092224371151535 2.822577805406471e-12 
91 0.92 3.999162817794987 1.0936346572911522 1.186509019223187e-11 
92 0.93 3.981577871894365 1.0950756269376205 1.7721628948646407e-12 
93 0.94 3.9640925687707886 1.0965260954813956 6.233855160540727e-12 
94 0.95 3.9467455832222855 1.0979969980652482 3.958848067251656e-12 
95 0.96 3.929511675364683 1.0994816366272968 6.36726909861474e-12 
96 0.97 3.912393035378527 1.100980875164608 8.773881244003227e-12 
97 0.98 3.8954248448225934 1.1025049331965702 3.5517700287728798e-12 
98 0.99 3.878554310994166 1.1040392212516665 9.048323268722834e-12 
99 1.00 nan nan 1.542263838278652e-11 
