0.01 0 0 0 0.01680824813132864 4.027907948308993e-36 
0.01 0 0 1 0.016903576260336218 9.6655762296209e-35 
0.01 0 0 2 0.016903147035485722 9.194142382897128e-35 
0.01 0 0 3 0.016902877569907142 4.903595106418472e-35 
0.01 0 0 4 0.016902981928697228 3.98181288941191e-35 
0.01 0 0 5 0.01690293380681506 2.259959792882649e-35 
0.02 1 0 0 0.016902939273864395 1.2399300772566318e-35 
0.02 1 0 1 0.016996973694096033 8.507171101730728e-35 
0.02 1 0 2 0.016996915169253772 4.652088330520707e-35 
0.02 1 0 3 0.016996887685609665 6.453198613716378e-35 
0.02 1 0 4 0.016996785993770327 1.852977567885163e-35 
0.02 1 0 5 0.01699679653785707 2.824146921518557e-35 
0.03 2 0 0 0.01699686568163659 1.4503917954039902e-34 
0.03 2 0 1 0.01709029547494784 9.189314436609166e-35 
0.03 2 0 2 0.017089987226088628 6.413127855226258e-35 
0.03 2 0 3 0.017089872958076 2.8564504440505065e-35 
0.03 2 0 4 0.017090005222587874 4.990623899973222e-35 
0.03 2 0 5 0.017089916351589594 2.9988942736947875e-35 
0.04 3 0 0 0.017090027097043114 4.267426196887042e-35 
0.04 3 0 1 0.017182376370667968 4.3491769583199205e-35 
0.04 3 0 2 0.017182273061186127 2.787427555028891e-35 
0.04 3 0 3 0.017182306056676765 2.1939520210141337e-35 
0.04 3 0 4 0.017182222933541054 3.2727823322271295e-35 
0.04 3 0 5 0.01718224665164678 1.8302335098173895e-35 
0.05 4 0 0 0.017182316069197606 2.904936265116871e-35 
0.05 4 0 1 0.0172733143931174 5.032658901456145e-35 
0.05 4 0 2 0.017273792043123275 2.8099845405223914e-35 
0.05 4 0 3 0.017273749797362133 1.0094815643866156e-35 
0.05 4 0 4 0.017273753448024672 1.145494001885783e-35 
0.05 4 0 5 0.01727377952394672 1.4420796060267507e-35 
0.06 5 0 0 0.017273843489156428 3.872930981969222e-35 
0.06 5 0 1 0.017364435992152337 5.779092907105708e-35 
0.06 5 0 2 0.017364535885356722 4.3019833819867703e-35 
0.06 5 0 3 0.017364578705164686 2.024095189338075e-35 
0.06 5 0 4 0.01736453487305108 1.985292290946275e-35 
0.06 5 0 5 0.017364504857555616 1.5210589600492365e-35 
0.07 6 0 0 0.017364550458132386 1.6703357564245965e-35 
0.07 6 0 1 0.01745431856197456 2.6465868427073385e-35 
0.07 6 0 2 0.017454419443776147 3.259485239299959e-35 
0.07 6 0 3 0.017454385010389446 1.7280433963946257e-35 
0.07 6 0 4 0.017454404836545433 1.3056280178439263e-35 
0.07 6 0 5 0.017454387663111717 1.3421484981126156e-35 
0.08 7 0 0 0.01745448513724108 3.410156701981695e-35 
0.08 7 0 1 0.01754290499380994 3.229960072354265e-35 
0.08 7 0 2 0.01754356388525405 2.786138765627164e-35 
0.08 7 0 3 0.017543514074331648 1.9520576201582858e-35 
0.08 7 0 4 0.01754360898543349 1.120604265800346e-35 
0.08 7 0 5 0.017543554249737452 2.2544510532012463e-35 
0.09 8 0 0 0.01754359528074521 3.152261135886027e-36 
0.09 8 0 1 0.017631634855278407 3.137352553788649e-35 
0.09 8 0 2 0.017631914755785065 2.6378356407514125e-35 
0.09 8 0 3 0.01763188008186607 2.3006305313232534e-35 
0.09 8 0 4 0.017631843302413148 2.2139258054144797e-35 
0.09 8 0 5 0.01763188913219262 2.3770024242729213e-35 
0.10 9 0 0 0.017631876925490158 3.726689982882878e-36 
0.10 9 0 1 0.01771927722236487 1.9011623164410454e-35 
0.10 9 0 2 0.01771936471840771 1.3594676828107776e-35 
0.10 9 0 3 0.017719374892392583 2.6978046636739337e-35 
0.10 9 0 4 0.01771939928925046 3.062648453761096e-35 
0.10 9 0 5 0.017719379707639815 9.591800906011606e-36 
