-1 0 6.501884761416838 1.0126811102426405 0 0 
0 0.01 6.4435078270255 1.013278408093165 4.100585660698809e-11 
1 0.02 6.387970329619747 1.0138727353440213 2.844969354716328e-11 
2 0.03 6.33487406454958 1.014446793556421 1.3031957801611647e-13 
3 0.04 6.284005239898942 1.0150062926688916 1.8967587869340228e-11 
4 0.05 6.235323692908348 1.0155803556390701 5.42318361498359e-13 
5 0.06 6.188580131797205 1.0161604690256545 3.3654950621428405e-13 
6 0.07 6.14355816721193 1.0167396409324163 1.0717297917076383e-14 
7 0.08 6.100245618019919 1.017341590826767 2.797707739923888e-11 
8 0.09 6.058258629882241 1.0179255900990285 5.5583301941379355e-14 
9 0.10 6.017841915925705 1.0185536912899067 1.123927726090388e-10 
