0.005 0 0 0 0.016808218459617653 1.1274157185392772e-36 
0.005 0 0 1 0.016855681177191346 9.184520687433768e-36 
0.005 0 0 2 0.016855535965707144 9.186786573212758e-36 
0.005 0 0 3 0.016855538203501188 7.031738191128129e-36 
0.005 0 0 4 0.016855537145377155 1.7554308728640325e-35 
0.005 0 0 5 0.016855486545624156 4.4829747076831845e-36 
0.010 1 0 0 0.016855526196368147 8.748879170598543e-37 
0.010 1 0 1 0.016902747439636934 1.1715887386405424e-35 
0.010 1 0 2 0.016902625077760802 1.3799326187495585e-35 
0.010 1 0 3 0.016902617717055195 2.185449531178615e-35 
0.010 1 0 4 0.016902643931482737 1.2605576634627317e-35 
0.010 1 0 5 0.016902626751773283 1.2385873623823713e-35 
0.015 2 0 0 0.016902639733338384 8.459698943081415e-37 
0.015 2 0 1 0.016949636937406153 1.061950835878672e-35 
0.015 2 0 2 0.016949555314773296 1.1602169010065095e-35 
0.015 2 0 3 0.01694954656799316 1.2646676088702306e-35 
0.015 2 0 4 0.01694954046943631 7.807090988442465e-36 
0.015 2 0 5 0.01694954807663967 4.096666089482048e-36 
0.020 3 0 0 0.016949556220634956 1.636168995882272e-36 
0.020 3 0 1 0.016996185247170698 1.774324757760686e-35 
0.020 3 0 2 0.016996235582438478 9.75879258041966e-36 
0.020 3 0 3 0.016996239257500326 5.215293601832787e-36 
0.020 3 0 4 0.016996246060990886 6.218258243019922e-36 
0.020 3 0 5 0.01699624931532243 8.580071436502146e-36 
0.025 4 0 0 0.01699626573565611 3.985031480216769e-36 
0.025 4 0 1 0.017042402741168736 1.0517089721505296e-35 
0.025 4 0 2 0.017042737062051144 7.375426324243967e-36 
0.025 4 0 3 0.017042764864734238 1.4193548076853307e-35 
0.025 4 0 4 0.01704278741479171 1.1299664195934739e-35 
0.025 4 0 5 0.017042780376744147 1.309096091133024e-35 
0.030 5 0 0 0.017042773571173855 3.8448940221171393e-36 
0.030 5 0 1 0.017089012027467328 5.783449521049999e-35 
0.030 5 0 2 0.01708907430843426 7.458977845545721e-36 
0.030 5 0 3 0.017089040868820998 6.848379356962604e-36 
0.030 5 0 4 0.01708906845645075 1.4488936207557305e-35 
0.030 5 0 5 0.017089079779144874 3.3990669543856555e-36 
0.035 6 0 0 0.017089082617102788 7.128725006526342e-36 
0.035 6 0 1 0.01713505914330176 1.0987251709805842e-35 
0.035 6 0 2 0.01713521186322868 7.989935130586588e-36 
0.035 6 0 3 0.01713518344626455 1.0353815553895197e-35 
0.035 6 0 4 0.01713518313297498 3.5872635746168275e-36 
0.035 6 0 5 0.017135178720680055 4.2658548387328403e-36 
0.040 7 0 0 0.01713517895306757 2.295881742879147e-36 
0.040 7 0 1 0.017180961679384096 5.05516052810773e-36 
0.040 7 0 2 0.017181079789191284 1.7170040262274697e-35 
0.040 7 0 3 0.017181092913128925 8.17134484757069e-36 
0.040 7 0 4 0.017181071534736067 1.2216207519623614e-35 
0.040 7 0 5 0.017181078329166117 7.089202643457704e-36 
0.045 8 0 0 0.017181071966622042 2.7887961781907872e-36 
0.045 8 0 1 0.017226609693025363 9.547359616441366e-36 
0.045 8 0 2 0.017226764218956466 7.584459566003401e-36 
0.045 8 0 3 0.01722676836831798 3.842170885982124e-36 
0.045 8 0 4 0.017226770968330935 8.347516900456118e-36 
0.045 8 0 5 0.0172267610176934 6.256338297573703e-36 
0.050 9 0 0 0.01722677636082491 3.494490568272736e-36 
0.050 9 0 1 0.017272183567342687 5.5895789755139296e-36 
0.050 9 0 2 0.017272271119646618 7.784127030492139e-36 
0.050 9 0 3 0.017272268624936225 5.751069161960135e-36 
0.050 9 0 4 0.017272277780168394 1.7241397656313932e-35 
0.050 9 0 5 0.017272278133039963 5.141653876550952e-36 
0.055 10 0 0 0.0172722682511174 5.118728180354544e-36 
0.055 10 0 1 0.017317635840203682 1.2417016394960886e-35 
0.055 10 0 2 0.01731756085157103 6.832357277461709e-36 
0.055 10 0 3 0.017317562948871733 8.062203556401623e-36 
0.055 10 0 4 0.017317567060152857 5.3374695415040556e-36 
0.055 10 0 5 0.017317567868843278 8.59771422627766e-36 
0.060 11 0 0 0.017317573839780956 1.0659280448218075e-36 
0.060 11 0 1 0.017362693717975417 5.394437671433799e-36 
0.060 11 0 2 0.017362669632287317 5.3151644909072363e-36 
0.060 11 0 3 0.01736268616588517 4.1987859897242184e-36 
0.060 11 0 4 0.017362675522858993 6.730761905655514e-36 
0.060 11 0 5 0.01736267620337936 2.9620000884253994e-36 
0.065 12 0 0 0.017362680089725517 9.462715759589161e-36 
0.065 12 0 1 0.017407540745153858 7.058914314234317e-36 
0.065 12 0 2 0.017407605802250963 5.072005531342186e-36 
0.065 12 0 3 0.017407584929193084 5.817630446651993e-36 
0.065 12 0 4 0.017407583814069077 5.501393884276281e-36 
0.065 12 0 5 0.017407584517649125 6.905448119740263e-36 
0.070 13 0 0 0.01740758081675034 3.9281828042373605e-36 
0.070 13 0 1 0.01745229382216193 9.328085223076153e-36 
0.070 13 0 2 0.017452286613848428 4.406921725040624e-36 
0.070 13 0 3 0.01745228351651082 3.155703424862991e-36 
0.070 13 0 4 0.017452275173912263 4.031126782970608e-36 
0.070 13 0 5 0.017452282526834506 3.3451833037810474e-36 
0.075 14 0 0 0.017452297672179984 2.4497804702146635e-36 
0.075 14 0 1 0.01749667269672001 3.67643713338342e-36 
0.075 14 0 2 0.017496803773154594 6.260185444798435e-36 
0.075 14 0 3 0.01749680870450316 1.0173936901218412e-35 
0.075 14 0 4 0.01749680369988834 4.8410151337504755e-36 
0.075 14 0 5 0.017496802828175655 6.571853157609125e-36 
0.080 15 0 0 0.017496807906096236 1.7039034805132917e-36 
0.080 15 0 1 0.017541069898745595 1.2032150242570359e-35 
0.080 15 0 2 0.01754112337586745 6.313733296646844e-36 
0.080 15 0 3 0.017541116358536748 3.9228641227542545e-36 
0.080 15 0 4 0.01754111016456289 6.915836920560035e-36 
0.080 15 0 5 0.01754111222205208 4.79056829935168e-36 
0.085 16 0 0 0.017541122804779485 1.9040880496433763e-36 
0.085 16 0 1 0.017585233601901756 8.192853203938603e-36 
0.085 16 0 2 0.017585245295175373 9.061818750940898e-36 
0.085 16 0 3 0.017585244148599133 6.898987562089953e-36 
0.085 16 0 4 0.017585227984065713 4.224295395124603e-36 
0.085 16 0 5 0.01758522679687989 6.735888046014604e-36 
0.090 17 0 0 0.017585243751664488 7.076788072526305e-36 
0.090 17 0 1 0.01762900075424371 4.337665664929155e-36 
0.090 17 0 2 0.017629142728105854 8.277819781653002e-36 
0.090 17 0 3 0.017629165291949866 1.0603284952808673e-35 
0.090 17 0 4 0.017629165114559666 8.41759754343853e-36 
0.090 17 0 5 0.017629159953324144 8.731568531298674e-36 
0.095 18 0 0 0.01762917467306066 5.2828851083687694e-36 
0.095 18 0 1 0.01767300393413409 6.371996865349722e-36 
0.095 18 0 2 0.017672888598782126 4.09869317981457e-36 
0.095 18 0 3 0.017672899702769237 5.53808495637794e-36 
0.095 18 0 4 0.01767289656199015 3.5442581983855784e-36 
0.095 18 0 5 0.017672887530403563 2.892353850769523e-36 
0.100 19 0 0 0.017672907187178864 2.6280617832208197e-36 
0.100 19 0 1 0.017716424911605643 9.252719333504414e-36 
0.100 19 0 2 0.01771643087523061 2.539636007487843e-36 
0.100 19 0 3 0.017716431963058273 3.677343493230146e-36 
0.100 19 0 4 0.017716435864221572 4.026803104584903e-36 
0.100 19 0 5 0.017716436637946475 6.193532246137706e-36 
0.105 20 0 0 0.017716436543465438 2.3026149301521846e-36 
0.105 20 0 1 0.017759750453534104 8.098184674649316e-36 
0.105 20 0 2 0.01775976601002372 3.733460799573902e-36 
0.105 20 0 3 0.01775976006211378 3.995669750348574e-36 
0.105 20 0 4 0.01775976801849769 5.2255788747220135e-36 
0.105 20 0 5 0.017759761101592664 9.441550007659529e-36 
0.110 21 0 0 0.017759780069256183 1.8438546171368148e-35 
0.110 21 0 1 0.017802782083397736 3.7719878977650705e-36 
0.110 21 0 2 0.01780291684782746 4.738919128449719e-36 
0.110 21 0 3 0.017802919074452233 6.11566235952448e-36 
0.110 21 0 4 0.017802918708053502 3.544536305684003e-36 
0.110 21 0 5 0.01780291488322407 2.7330292085493115e-36 
0.115 22 0 0 0.01780293011947449 1.8564272992918327e-35 
0.115 22 0 1 0.01784580138790302 3.51893599524964e-36 
0.115 22 0 2 0.01784587438250643 2.7213210347786333e-36 
0.115 22 0 3 0.017845871935334018 6.49208489272992e-36 
0.115 22 0 4 0.01784587314249271 3.878623033893018e-36 
0.115 22 0 5 0.017845876266814175 2.2236599969433937e-36 
0.120 23 0 0 0.017845882741910683 6.596585778746665e-36 
0.120 23 0 1 0.017888615739900932 1.287318478348049e-35 
0.120 23 0 2 0.017888628127018365 5.0862664000785786e-36 
0.120 23 0 3 0.017888638189893787 4.304835696984934e-36 
0.120 23 0 4 0.017888633802371656 1.702096170423086e-36 
0.120 23 0 5 0.01788863301256136 3.763754226721104e-36 
0.125 24 0 0 0.017888641610420655 2.6533179408063905e-36 
0.125 24 0 1 0.017931187816993224 4.402507186462492e-36 
0.125 24 0 2 0.017931191094286387 2.523732884213587e-36 
0.125 24 0 3 0.017931197140971633 2.228444590419984e-36 
0.125 24 0 4 0.01793119744317381 3.9806177421303846e-36 
0.125 24 0 5 0.01793120190948252 7.153697806049613e-36 
0.130 25 0 0 0.017931197651442406 4.108622037748887e-36 
0.130 25 0 1 0.01797356894648319 4.416564732396906e-36 
0.130 25 0 2 0.01797355668728722 1.2870409248427783e-35 
0.130 25 0 3 0.017973555005431244 1.1184160934067519e-35 
0.130 25 0 4 0.01797356514200582 3.98148123345449e-36 
0.130 25 0 5 0.01797355785479371 4.9520952110280375e-36 
0.135 26 0 0 0.01797357014040636 2.0434472724793926e-36 
0.135 26 0 1 0.018015674508423164 8.74843424572443e-36 
0.135 26 0 2 0.018015740426228184 8.15513779386991e-36 
0.135 26 0 3 0.018015741918227805 5.8844324632096345e-36 
0.135 26 0 4 0.01801573842748628 5.167137374745327e-36 
0.135 26 0 5 0.01801574449625645 5.6566718680016024e-36 
0.140 27 0 0 0.018015748156211476 3.375585526558674e-36 
0.140 27 0 1 0.018057762204359697 7.187034674095127e-36 
0.140 27 0 2 0.018057734272764973 6.80513887087501e-36 
0.140 27 0 3 0.018057730904732287 6.881589544824343e-36 
0.140 27 0 4 0.018057736365445807 4.2065284888408554e-36 
0.140 27 0 5 0.018057725072204645 4.114586449158025e-36 
0.145 28 0 0 0.01805773550541249 1.3712241275650776e-36 
0.145 28 0 1 0.01809953284027911 6.567230924177804e-36 
0.145 28 0 2 0.018099521019165687 8.653693330961673e-36 
0.145 28 0 3 0.018099529096144106 5.643954669653509e-36 
0.145 28 0 4 0.0180995273332476 4.91639292875397e-36 
0.145 28 0 5 0.01809951757462502 3.06940415625708e-36 
0.150 29 0 0 0.018099530859853465 3.130040798828924e-36 
0.150 29 0 1 0.01814111498333984 5.125765898510498e-36 
0.150 29 0 2 0.018141139801103365 1.0188471628516283e-35 
0.150 29 0 3 0.018141134409424834 5.0448769760130186e-36 
0.150 29 0 4 0.018141128620749444 2.8032239256345116e-36 
0.150 29 0 5 0.018141125310057963 3.7965190623127026e-36 
0.155 30 0 0 0.01814113160169988 5.372459280696814e-36 
0.155 30 0 1 0.018182547385672886 5.6037818865458385e-36 
0.155 30 0 2 0.018182545142760975 5.7141352840709654e-36 
0.155 30 0 3 0.01818253872015786 4.6901847928782054e-36 
0.155 30 0 4 0.01818253873916475 6.355819984407476e-36 
0.155 30 0 5 0.018182545700594153 3.8921918629750145e-36 
0.160 31 0 0 0.018182549436174575 3.4974764342837844e-36 
0.160 31 0 1 0.01822372906824582 8.021906371621484e-36 
0.160 31 0 2 0.01822376945870186 2.1755116059169473e-36 
0.160 31 0 3 0.018223760806838987 4.2335991088863144e-36 
0.160 31 0 4 0.01822376689120294 4.345460751974563e-36 
0.160 31 0 5 0.01822376961994828 4.0920116878431806e-36 
0.165 32 0 0 0.018223780578820147 2.0317975904940244e-36 
0.165 32 0 1 0.018264711254166222 4.028785953122311e-36 
0.165 32 0 2 0.01826481096897447 3.126703317725647e-36 
0.165 32 0 3 0.01826481399684489 3.841681039683144e-36 
0.165 32 0 4 0.018264804674343132 6.196828660645182e-36 
0.165 32 0 5 0.018264801895825918 2.2768155749048912e-36 
0.170 33 0 0 0.018264818624585042 1.3281920876105713e-35 
0.170 33 0 1 0.018305591796659464 4.7822666036750625e-36 
0.170 33 0 2 0.018305656924126376 9.70211295962684e-36 
0.170 33 0 3 0.018305655349558223 8.52404784269384e-36 
0.170 33 0 4 0.01830565377219301 3.899977073668844e-36 
0.170 33 0 5 0.01830566124948448 6.565533783581691e-36 
0.175 34 0 0 0.0183056625036478 5.7605889929480833e-36 
0.175 34 0 1 0.01834639070749809 6.189041521764666e-36 
0.175 34 0 2 0.018346299305173647 5.7328133146162164e-36 
0.175 34 0 3 0.018346314643947398 2.848278316914055e-36 
0.175 34 0 4 0.018346314383146795 4.8129420359940264e-36 
0.175 34 0 5 0.018346315902919436 4.625992946944092e-36 
0.180 35 0 0 0.018346321329741757 4.155987563293281e-36 
0.180 35 0 1 0.01838666060451263 8.498284309014353e-36 
0.180 35 0 2 0.018386786269140344 4.5489402303329356e-36 
0.180 35 0 3 0.01838678422255282 2.1678189930256386e-36 
0.180 35 0 4 0.018386776044305542 2.5633920073561752e-36 
0.180 35 0 5 0.01838677931781224 4.355712113440952e-36 
0.185 36 0 0 0.018386797330857508 2.5838806639673893e-36 
0.185 36 0 1 0.018427136338696956 3.696743282167625e-36 
0.185 36 0 2 0.018427091440367242 5.1738749971280044e-36 
0.185 36 0 3 0.018427080056388566 4.773177759414676e-36 
0.185 36 0 4 0.018427076881828198 4.217599733223142e-36 
0.185 36 0 5 0.01842707123803347 3.442945171404362e-36 
0.190 37 0 0 0.01842707103490381 6.572562160682082e-36 
0.190 37 0 1 0.018467157317941584 7.436522121732822e-36 
0.190 37 0 2 0.018467156799018856 2.7392974744191535e-36 
0.190 37 0 3 0.018467163911521388 2.771374250043994e-36 
0.190 37 0 4 0.01846715785422751 1.8051642957049017e-36 
0.190 37 0 5 0.018467163704590946 3.805930799370433e-36 
0.195 38 0 0 0.018467167573900795 3.081592900869459e-36 
0.195 38 0 1 0.018507002838390636 4.2695832875698534e-36 
0.195 38 0 2 0.018507079307486383 3.322263464311571e-36 
0.195 38 0 3 0.018507067994199645 3.3244979187908456e-36 
0.195 38 0 4 0.018507080633919218 4.692235890256019e-36 
0.195 38 0 5 0.01850707158588173 3.138201588196757e-36 
0.200 39 0 0 0.01850707982607765 8.258952533425791e-37 
0.200 39 0 1 0.01854681683616224 4.4938556585366104e-36 
0.200 39 0 2 0.018546804852405126 4.66600102703546e-36 
0.200 39 0 3 0.018546802642726085 3.424608429902694e-36 
0.200 39 0 4 0.01854679936094205 3.493515230384915e-36 
0.200 39 0 5 0.018546799969166125 3.442005516706123e-36 
0.205 40 0 0 0.01854680109173783 3.738657687989212e-36 
0.205 40 0 1 0.018586313106576647 5.5105189941409236e-36 
0.205 40 0 2 0.01858634470406673 4.878837277920598e-36 
0.205 40 0 3 0.01858633954798055 5.495343671657875e-36 
0.205 40 0 4 0.018586337422643755 3.343282582544038e-36 
0.205 40 0 5 0.018586332503244506 2.839542599866679e-36 
0.210 41 0 0 0.01858634230333834 8.183570120618368e-36 
0.210 41 0 1 0.018625718385243396 7.83304124794492e-36 
0.210 41 0 2 0.018625693733657054 3.987478858144127e-36 
0.210 41 0 3 0.018625696576773414 2.3516234337969756e-36 
0.210 41 0 4 0.01862569569831117 3.552132374716313e-36 
0.210 41 0 5 0.018625694821086152 3.1789344422746495e-36 
0.215 42 0 0 0.018625694077940944 2.846588098261607e-36 
0.215 42 0 1 0.018664757598848076 4.8431254219754224e-36 
0.215 42 0 2 0.01866485400786536 2.8016618926311352e-36 
0.215 42 0 3 0.01866485453230586 1.9339631754925266e-36 
0.215 42 0 4 0.018664860361333763 8.400521701505453e-36 
0.215 42 0 5 0.018664864842337592 5.620297612667147e-36 
0.220 43 0 0 0.01866486818221434 9.733295255350594e-37 
0.220 43 0 1 0.018704017948375867 6.38683074184376e-36 
0.220 43 0 2 0.018703853772933352 3.221929687118e-36 
0.220 43 0 3 0.018703849816091737 5.3906802633627205e-36 
0.220 43 0 4 0.018703852003628167 4.491684654851802e-36 
0.220 43 0 5 0.01870385026984218 8.660344453992744e-36 
0.225 44 0 0 0.018703858011779106 8.59124283234801e-36 
0.225 44 0 1 0.018742731158767328 5.9453214150321713e-36 
0.225 44 0 2 0.018742647432770352 4.524924799672113e-36 
0.225 44 0 3 0.01874265786937048 3.347088509173144e-36 
0.225 44 0 4 0.018742650059031418 4.049693191685385e-36 
0.225 44 0 5 0.018742651287510816 2.0251929519815223e-36 
0.230 45 0 0 0.01874266496488756 6.590693851079908e-36 
0.230 45 0 1 0.01878130061287743 7.068253800343223e-36 
0.230 45 0 2 0.018781291268007722 8.187684822838602e-36 
0.230 45 0 3 0.01878128001384504 3.211663393415174e-36 
0.230 45 0 4 0.018781280740577076 1.6058060249197204e-36 
0.230 45 0 5 0.018781279350034798 5.2251621621898865e-36 
0.235 46 0 0 0.01878128626908843 5.365085465680309e-36 
0.235 46 0 1 0.018819608954435036 8.280558535423617e-36 
0.235 46 0 2 0.018819704621583867 7.493034762399334e-36 
0.235 46 0 3 0.018819719867365158 5.1967587615698144e-36 
0.235 46 0 4 0.01881971213219526 3.970695338281093e-36 
0.235 46 0 5 0.018819721543426402 2.983482857083353e-36 
0.240 47 0 0 0.01881972091962166 3.432289692320231e-36 
0.240 47 0 1 0.018857967660585815 6.131721957390456e-36 
0.240 47 0 2 0.01885797853291782 3.8211496181578136e-36 
0.240 47 0 3 0.018857967908291126 7.574817769368992e-36 
0.240 47 0 4 0.018857967422062038 3.8476652791698483e-36 
0.240 47 0 5 0.018857968544064675 4.6654809995701556e-36 
0.245 48 0 0 0.018857978991623083 1.4993014059518627e-36 
0.245 48 0 1 0.018896019221241803 2.5002496779199024e-36 
0.245 48 0 2 0.01889605479139419 3.204549595262345e-36 
0.245 48 0 3 0.018896051031217574 1.5700009882318607e-36 
0.245 48 0 4 0.01889604539007903 4.5002544581610015e-36 
0.245 48 0 5 0.018896044579124274 4.365648238804808e-36 
0.250 49 0 0 0.01889605388774844 1.531024946798865e-35 
0.250 49 0 1 0.018933931569815533 4.340060618529339e-36 
0.250 49 0 2 0.018933943320999336 4.981506313399775e-36 
0.250 49 0 3 0.018933939949117056 6.844804002785413e-36 
0.250 49 0 4 0.018933934008525718 8.585733628875133e-36 
0.250 49 0 5 0.018933937005649406 4.4764169587739857e-36 
0.255 50 0 0 0.018933945508416424 1.5774514059186214e-35 
0.255 50 0 1 0.018971663726144176 4.712990802070828e-36 
0.255 50 0 2 0.018971656036811765 3.802395760550063e-36 
0.255 50 0 3 0.018971654969831223 5.620146496640755e-36 
0.255 50 0 4 0.018971657600067016 6.327702358991025e-36 
0.255 50 0 5 0.01897164841836883 5.650816368607412e-36 
0.260 51 0 0 0.018971664772759786 4.808521053457326e-36 
0.260 51 0 1 0.01900907731159344 5.398269875211708e-36 
0.260 51 0 2 0.01900919701563559 6.213255959228197e-36 
0.260 51 0 3 0.019009183629731845 5.201521875943544e-36 
0.260 51 0 4 0.01900918880157412 3.581722013722793e-36 
0.260 51 0 5 0.019009189268606713 3.9916072852070056e-36 
0.265 52 0 0 0.019009194376119105 5.1982004534209764e-36 
0.265 52 0 1 0.019046484610069057 5.486775572327608e-36 
0.265 52 0 2 0.019046549822247544 3.684576155123912e-36 
0.265 52 0 3 0.019046551105466138 4.768922430762867e-36 
0.265 52 0 4 0.01904654450292755 3.386118505357187e-36 
0.265 52 0 5 0.019046542066215356 3.472535617558756e-36 
0.270 53 0 0 0.01904655404977023 5.01838175854428e-36 
0.270 53 0 1 0.01908376618502938 1.2022306412328557e-35 
0.270 53 0 2 0.019083734090967218 7.803660660248543e-36 
0.270 53 0 3 0.019083715578010536 5.3726414491249566e-36 
0.270 53 0 4 0.019083726005752377 8.401678389309844e-36 
0.270 53 0 5 0.019083723181936678 1.840974534012661e-36 
0.275 54 0 0 0.019083734920242335 2.4359408030700273e-36 
0.275 54 0 1 0.019120763306680468 5.936757441124584e-36 
0.275 54 0 2 0.019120720491589808 9.191991531005273e-36 
0.275 54 0 3 0.0191207237844995 3.811157037281428e-36 
0.275 54 0 4 0.01912073082982273 6.67960418694057e-36 
0.275 54 0 5 0.019120725376008417 2.984355428821506e-36 
0.280 55 0 0 0.019120728106284502 1.6332463525167807e-36 
0.280 55 0 1 0.01915746232046232 3.446072824735183e-36 
0.280 55 0 2 0.019157536799765708 8.90221650588971e-36 
0.280 55 0 3 0.01915755038308857 3.952546841609928e-36 
0.280 55 0 4 0.01915754173362765 4.053418538047598e-36 
0.280 55 0 5 0.019157543066429097 3.334570452152412e-36 
0.285 56 0 0 0.019157549509906155 1.7358444776518602e-35 
0.285 56 0 1 0.019194179048857913 5.7925634255716026e-36 
0.285 56 0 2 0.019194185639921115 4.363358001436267e-36 
0.285 56 0 3 0.019194192952745364 3.891856044600635e-36 
0.285 56 0 4 0.01919418750712164 6.068774464492663e-36 
0.285 56 0 5 0.019194186634230715 1.7908963420034727e-36 
0.290 57 0 0 0.019194194193734835 1.1781866521793944e-35 
0.290 57 0 1 0.01923059752805469 5.9253253119409894e-36 
0.290 57 0 2 0.019230658989258104 8.40263831238907e-36 
0.290 57 0 3 0.019230664080404337 4.5393941367784463e-36 
0.290 57 0 4 0.01923066466991892 3.7369072314897766e-36 
0.290 57 0 5 0.019230657153703416 3.741645055228821e-36 
0.295 58 0 0 0.01923065955133931 1.7914698403907415e-36 
0.295 58 0 1 0.019266854705080532 1.1003010474114898e-35 
0.295 58 0 2 0.01926694082769736 2.603847292234254e-36 
0.295 58 0 3 0.019266947598645983 3.609859459104722e-36 
0.295 58 0 4 0.01926694407048441 4.4365362286870556e-36 
0.295 58 0 5 0.01926694073218681 5.419597144581672e-36 
0.300 59 0 0 0.019266957392177514 1.9972139074512146e-36 
0.300 59 0 1 0.019303078457427403 5.382365204903948e-36 
0.300 59 0 2 0.019303061762883513 7.627624435223263e-36 
0.300 59 0 3 0.019303064647169375 7.771194256388294e-36 
0.300 59 0 4 0.01930306523477098 5.9221573908974964e-36 
0.300 59 0 5 0.01930306884272049 3.682500529417778e-36 
0.305 60 0 0 0.019303074773327156 1.4683409616092833e-36 
0.305 60 0 1 0.019338970297693166 4.6284673485620096e-36 
0.305 60 0 2 0.019339023026360848 4.212764737843385e-36 
0.305 60 0 3 0.019339003402986738 2.978554232545405e-36 
0.305 60 0 4 0.019339008288521763 2.0952997572062656e-36 
0.305 60 0 5 0.019339007420938407 3.50019002975484e-36 
0.310 61 0 0 0.019339013651391755 1.9055220656789844e-36 
0.310 61 0 1 0.01937483120603081 1.0825454120515519e-35 
0.310 61 0 2 0.019374762636873405 2.643205304362828e-36 
0.310 61 0 3 0.01937476925018767 3.796172022340223e-36 
0.310 61 0 4 0.019374774444708635 4.3492784719315447e-36 
0.310 61 0 5 0.019374773092018027 1.8900658980121082e-36 
0.315 62 0 0 0.019374778744809067 2.6152855738187544e-36 
0.315 62 0 1 0.019410355204965517 5.966200493101307e-36 
0.315 62 0 2 0.019410364411976116 5.592981978387799e-36 
0.315 62 0 3 0.019410365651661095 6.095593837328661e-36 
0.315 62 0 4 0.01941037007702856 7.769636909326983e-36 
0.315 62 0 5 0.0194103566232135 4.5509638846816234e-36 
0.320 63 0 0 0.019410374892796203 1.2965289207315305e-36 
0.320 63 0 1 0.019445725274610273 4.62025910267738e-36 
0.320 63 0 2 0.019445786390773122 8.238228066571742e-36 
0.320 63 0 3 0.01944578519511715 4.0096382970149215e-36 
0.320 63 0 4 0.019445782474676567 4.575225450615109e-36 
0.320 63 0 5 0.019445787365776956 2.9882448055767597e-36 
0.325 64 0 0 0.019445789574836735 3.135648471790528e-36 
0.325 64 0 1 0.019481024769943706 3.7562942966372e-36 
0.325 64 0 2 0.01948103931420555 5.166963568894201e-36 
0.325 64 0 3 0.019481027830834562 3.230154031119386e-36 
0.325 64 0 4 0.01948102747057534 5.456513175533599e-36 
0.325 64 0 5 0.019481027523516936 3.5575831791140076e-36 
0.330 65 0 0 0.019481030963886918 1.689963736376428e-36 
0.330 65 0 1 0.019516168479055365 9.616847199085111e-36 
0.330 65 0 2 0.019516092835147613 5.4025767268054525e-36 
0.330 65 0 3 0.019516098628442193 3.3440933177835577e-36 
0.330 65 0 4 0.019516087684526683 4.1572895961390844e-36 
0.330 65 0 5 0.0195161021189326 3.743532436104451e-36 
0.335 66 0 0 0.019516105740848045 2.2622095889570517e-35 
0.335 66 0 1 0.019551076141369788 3.62096213741416e-36 
0.335 66 0 2 0.019550995548918156 4.0271827779960225e-36 
0.335 66 0 3 0.019551001165800594 2.077757607985809e-36 
0.335 66 0 4 0.019550998965304427 3.013169533205889e-36 
0.335 66 0 5 0.019550995741142635 3.152997551159543e-36 
0.340 67 0 0 0.01955100049753128 2.718700581602136e-36 
0.340 67 0 1 0.019585664960807825 2.5452487123049112e-36 
0.340 67 0 2 0.019585729501641613 3.254660880336067e-36 
0.340 67 0 3 0.01958572667408492 3.753487574285871e-36 
0.340 67 0 4 0.019585725526978473 1.5456911727896524e-36 
0.340 67 0 5 0.019585713759043343 3.9637244949924014e-36 
0.345 68 0 0 0.019585733933126244 6.271760426201053e-37 
0.345 68 0 1 0.01962023988934189 5.4577615643094964e-36 
0.345 68 0 2 0.019620287806791526 5.3706749229120624e-36 
0.345 68 0 3 0.019620281588782706 4.579607366964992e-36 
0.345 68 0 4 0.019620280375208184 6.435408894293633e-36 
0.345 68 0 5 0.019620276735082414 5.061307413504594e-36 
0.350 69 0 0 0.019620288122278364 2.8292978464421505e-36 
0.350 69 0 1 0.01965475715498955 6.338486258715411e-36 
0.350 69 0 2 0.019654674616686324 5.878441811381158e-36 
0.350 69 0 3 0.019654668840291285 2.12550973422732e-36 
0.350 69 0 4 0.019654666257629315 4.76764323584153e-36 
0.350 69 0 5 0.019654673820275755 4.0219070798544294e-36 
0.355 70 0 0 0.019654665386597978 1.2165277151074771e-36 
0.355 70 0 1 0.019688887895720864 7.038758732167506e-36 
0.355 70 0 2 0.019688873071060747 3.01597060552181e-36 
0.355 70 0 3 0.01968887725543792 5.409774423499938e-36 
0.355 70 0 4 0.01968887265591341 3.205341586733607e-36 
0.355 70 0 5 0.01968886970971237 6.205305328053251e-36 
0.360 71 0 0 0.019688882485969773 9.17989604009068e-37 
0.360 71 0 1 0.019722941284571235 4.73394969810049e-36 
0.360 71 0 2 0.019722920456858833 2.8311321185876787e-36 
0.360 71 0 3 0.019722919116023876 3.3106005356657104e-36 
0.360 71 0 4 0.0197229186167332 6.986801544652698e-36 
0.360 71 0 5 0.019722921983614382 3.0160777319868114e-36 
0.365 72 0 0 0.019722922359863504 1.0679441427867618e-35 
0.365 72 0 1 0.019756644968958997 5.794947112732133e-36 
0.365 72 0 2 0.01975679836948355 3.337401837356714e-36 
0.365 72 0 3 0.019756783799766003 4.57256917166691e-36 
0.365 72 0 4 0.019756795198232605 1.0550052830319859e-35 
0.365 72 0 5 0.019756790174010722 5.3917026955638435e-36 
0.370 73 0 0 0.019756808325937618 6.983207635619799e-37 
0.370 73 0 1 0.019790537618770563 7.245944723436732e-36 
0.370 73 0 2 0.019790510056592027 2.671126882518926e-36 
0.370 73 0 3 0.01979050842183882 3.685174251729261e-36 
0.370 73 0 4 0.019790515243033352 1.4486855803423404e-36 
0.370 73 0 5 0.019790506939676274 7.414767646907829e-36 
0.375 74 0 0 0.0197905184918992 1.0157994897516964e-36 
0.375 74 0 1 0.01982404372810313 4.783620056204621e-36 
0.375 74 0 2 0.01982405639102789 8.859441881476582e-36 
0.375 74 0 3 0.019824043354312437 3.234889926671745e-36 
0.375 74 0 4 0.01982405596118137 2.213359399454161e-36 
0.375 74 0 5 0.01982405120293139 3.384595237874528e-36 
0.380 75 0 0 0.01982405465042029 3.455712584724594e-36 
0.380 75 0 1 0.01985746439960961 9.42990030727117e-36 
0.380 75 0 2 0.019857413611468876 4.602880625117558e-36 
0.380 75 0 3 0.019857420153385912 4.5409286146488206e-36 
0.380 75 0 4 0.01985742234475401 2.1580437591462626e-36 
0.380 75 0 5 0.019857419563196945 3.546743720708109e-36 
0.385 76 0 0 0.019857424007541667 1.5143289437047753e-35 
0.385 76 0 1 0.01989055567724949 3.519759330964952e-36 
0.385 76 0 2 0.019890615861908316 2.4315910305801316e-36 
0.385 76 0 3 0.019890621958283023 2.5250442305268906e-36 
0.385 76 0 4 0.019890620248168334 6.13373601564726e-36 
0.385 76 0 5 0.019890622161184507 7.121952319802516e-36 
0.390 77 0 0 0.019890627586374804 3.6624415629276895e-36 
0.390 77 0 1 0.019923676852153027 7.273967688339319e-36 
0.390 77 0 2 0.019923665433944405 3.5555676410860245e-36 
0.390 77 0 3 0.019923657105528774 3.5896674881193914e-36 
0.390 77 0 4 0.019923662147594196 4.527480992278796e-36 
0.390 77 0 5 0.019923652846818345 3.9821750891916967e-36 
0.395 78 0 0 0.019923660662831275 1.4906759818981515e-36 
0.395 78 0 1 0.019956461313620905 3.5264645777479095e-36 
0.395 78 0 2 0.019956526394588385 6.115475101208094e-36 
0.395 78 0 3 0.01995653369472095 4.649465974205733e-36 
0.395 78 0 4 0.019956529938234907 4.775864440934356e-36 
0.395 78 0 5 0.019956526044460552 2.5154415020936665e-36 
0.400 79 0 0 0.019956530252798806 1.5942659155223736e-35 
0.400 79 0 1 0.019989190390575 4.295642820326556e-36 
0.400 79 0 2 0.019989232503968713 7.278487357933439e-36 
0.400 79 0 3 0.019989225153771436 5.8173882013838684e-36 
0.400 79 0 4 0.019989237362839415 2.9429956450210628e-36 
0.400 79 0 5 0.019989228340185267 4.2309893754679074e-36 
0.405 80 0 0 0.019989234360663532 4.836885413168689e-36 
0.405 80 0 1 0.02002171165344544 3.7298963446961684e-36 
0.405 80 0 2 0.020021770788344294 3.307649288995965e-36 
0.405 80 0 3 0.020021756314916487 2.345001995872573e-36 
0.405 80 0 4 0.020021768044811167 9.356039457091665e-36 
0.405 80 0 5 0.020021767297555827 3.054757291450897e-36 
0.410 81 0 0 0.020021773767066705 6.143120100053111e-36 
0.410 81 0 1 0.020054172013380406 6.885393767474516e-36 
0.410 81 0 2 0.02005415524066722 2.7488378282551332e-36 
0.410 81 0 3 0.020054153286763143 3.7960695593965116e-36 
0.410 81 0 4 0.020054146590981283 4.3511293966263266e-36 
0.410 81 0 5 0.020054152540489874 3.1807833939411924e-36 
0.415 82 0 0 0.020054150429466625 1.0396320493673063e-36 
0.415 82 0 1 0.020086353582343466 7.610816880288968e-36 
0.415 82 0 2 0.02008635309945388 5.64418448260166e-36 
0.415 82 0 3 0.02008635436867672 3.3461990321703157e-36 
0.415 82 0 4 0.020086358403223124 9.736280741609759e-36 
0.415 82 0 5 0.02008635297087961 7.051741751229086e-36 
0.420 83 0 0 0.02008636593383957 6.45295440979701e-36 
0.420 83 0 1 0.020118342153706267 3.606541363707405e-36 
0.420 83 0 2 0.020118407906181034 6.955629267950221e-36 
0.420 83 0 3 0.020118408007237163 4.605749408175273e-36 
0.420 83 0 4 0.020118414468754914 4.1946356127221935e-36 
0.420 83 0 5 0.02011841025472301 4.291635779341851e-36 
0.425 84 0 0 0.02011841483210159 3.31394464574206e-36 
0.425 84 0 1 0.02015028783124769 4.275766354493064e-36 
0.425 84 0 2 0.02015028987701227 4.811549885206077e-36 
0.425 84 0 3 0.02015029193924991 4.7443546418785696e-36 
0.425 84 0 4 0.020150293323905725 4.041730229083951e-36 
0.425 84 0 5 0.02015029355550777 2.863794345500526e-36 
0.430 85 0 0 0.020150305321655432 7.482346127761518e-36 
0.430 85 0 1 0.020182038092308074 8.079879770648758e-36 
0.430 85 0 2 0.020182031300391288 1.8939609248027704e-36 
0.430 85 0 3 0.020182022208952204 8.917794012242407e-36 
0.430 85 0 4 0.020182017916182664 3.530952858256428e-36 
0.430 85 0 5 0.020182013266819968 2.4113509894522796e-36 
0.435 86 0 0 0.020182033679453665 2.7807954506395306e-36 
0.435 86 0 1 0.020213535832675066 4.994031141494685e-36 
0.435 86 0 2 0.020213594297332164 1.9817784386376464e-36 
0.435 86 0 3 0.02021357362968731 1.0581962616009304e-35 
0.435 86 0 4 0.02021359057240613 5.7253975534599064e-36 
0.435 86 0 5 0.020213588062730138 5.745870232553612e-36 
0.440 87 0 0 0.0202135971877206 1.2524312305409803e-36 
0.440 87 0 1 0.020244981431540913 4.859288200249924e-36 
0.440 87 0 2 0.020244981470271088 3.018578769485937e-36 
0.440 87 0 3 0.02024498935482007 2.515405808219184e-36 
0.440 87 0 4 0.02024498722976134 5.4393348258152565e-36 
0.440 87 0 5 0.020244988824791723 3.2695377374566016e-36 
0.445 88 0 0 0.02024500137652841 1.5668061550761984e-36 
0.445 88 0 1 0.020276221031234276 9.263247759703169e-36 
0.445 88 0 2 0.02027623004953299 3.6947658594578715e-36 
0.445 88 0 3 0.02027623876546572 3.481575494845605e-36 
0.445 88 0 4 0.020276238697767034 5.9676405795071246e-36 
0.445 88 0 5 0.020276231985419058 3.112173668733409e-36 
0.450 89 0 0 0.02027624050821419 2.0343615915962353e-36 
0.450 89 0 1 0.020307315429818746 5.2010644024416865e-36 
0.450 89 0 2 0.020307314352055784 3.850563343760277e-36 
0.450 89 0 3 0.020307303832002285 5.741289937182732e-36 
0.450 89 0 4 0.02030731158056551 3.0205352960329904e-36 
0.450 89 0 5 0.0203073121611446 3.0931398653236486e-36 
0.455 90 0 0 0.02030731376926913 8.962866947005795e-36 
0.455 90 0 1 0.020338176986463223 7.228072181669551e-36 
0.455 90 0 2 0.020338219990131384 4.899049203396062e-36 
0.455 90 0 3 0.020338230543659346 3.095463733855333e-36 
0.455 90 0 4 0.020338218591678517 3.1389180664963716e-36 
0.455 90 0 5 0.02033822518508135 5.495349994316545e-36 
0.460 91 0 0 0.020338226117124058 3.557822147404619e-36 
0.460 91 0 1 0.02036899704791072 7.062000959966878e-36 
0.460 91 0 2 0.020368977255147285 5.532696190265857e-36 
0.460 91 0 3 0.020368972224453736 4.571556470082325e-36 
0.460 91 0 4 0.02036897880895304 5.694339398504366e-36 
0.460 91 0 5 0.020368972044145336 3.341815501524603e-36 
0.465 92 0 0 0.020368986419721454 2.7197381147894196e-36 
0.465 92 0 1 0.020399527761615143 4.722037360748755e-36 
0.465 92 0 2 0.020399580263436797 5.1393780333202356e-36 
0.465 92 0 3 0.020399576620560834 4.0855601545549806e-36 
0.465 92 0 4 0.020399581613929723 3.22952472479464e-36 
0.465 92 0 5 0.020399571019811026 3.679179474478105e-36 
0.470 93 0 0 0.020399583730865645 5.490280741069912e-37 
0.470 93 0 1 0.02042994825623158 8.813297952615057e-36 
0.470 93 0 2 0.020430016338314847 4.4010610016057594e-36 
0.470 93 0 3 0.020430017901202444 8.684645390807883e-36 
0.470 93 0 4 0.020430014674560477 6.08683372647762e-36 
0.470 93 0 5 0.020430011500909066 2.7754139805192756e-36 
0.475 94 0 0 0.020430024038106186 4.6803481893077483e-36 
0.475 94 0 1 0.020460285339582985 7.258841557037564e-36 
0.475 94 0 2 0.020460283253635105 6.088101486803487e-36 
0.475 94 0 3 0.020460297271375383 5.9099191003125715e-36 
0.475 94 0 4 0.020460307110320954 4.816672583976141e-36 
0.475 94 0 5 0.020460296957739373 2.5666021242990256e-36 
0.480 95 0 0 0.02046030021796854 1.0803978120829797e-36 
0.480 95 0 1 0.02049046509712219 5.4581693533730027e-36 
0.480 95 0 2 0.020490417899814692 4.6967499546562825e-36 
0.480 95 0 3 0.020490414732956572 3.806799604418315e-36 
0.480 95 0 4 0.0204904184347291 2.2463077154614848e-36 
0.480 95 0 5 0.02049041887836384 4.85882095128998e-36 
0.485 96 0 0 0.020490423243426686 1.1649651327147365e-36 
0.485 96 0 1 0.020520407681567467 3.090701381787968e-36 
0.485 96 0 2 0.02052037782787657 6.965474678856693e-36 
0.485 96 0 3 0.02052038459192611 2.567942169204878e-36 
0.485 96 0 4 0.020520377688390868 8.401980755887282e-36 
0.485 96 0 5 0.020520378184860653 4.854596877199119e-36 
0.490 97 0 0 0.020520386662918094 6.04945500113608e-37 
0.490 97 0 1 0.020550204712185785 3.771074520215635e-36 
0.490 97 0 2 0.020550188608318462 2.5916045174942425e-36 
0.490 97 0 3 0.0205501841785037 7.68394986241494e-36 
0.490 97 0 4 0.02055018254642963 2.5731308747378043e-36 
0.490 97 0 5 0.020550190903711987 2.026874330772509e-36 
0.495 98 0 0 0.02055019124896502 6.15835563453302e-36 
0.495 98 0 1 0.020579854533531953 6.021899573510595e-36 
0.495 98 0 2 0.02057982568263106 3.0865061856558605e-36 
0.495 98 0 3 0.020579829987235256 6.545385577949998e-36 
0.495 98 0 4 0.020579839870875832 3.905638992087979e-36 
0.495 98 0 5 0.02057982822168088 2.9030572486997285e-36 
0.500 99 0 0 0.020579842016557347 1.4267793875018934e-36 
0.500 99 0 1 0.020609345593365972 3.0719861327555056e-36 
0.500 99 0 2 0.02060933377083374 1.829778495594337e-36 
0.500 99 0 3 0.020609331162513123 2.3152096282146623e-36 
0.500 99 0 4 0.020609333611610048 3.114924428829267e-36 
0.500 99 0 5 0.02060932497993908 2.801203432615159e-36 
0.505 100 0 0 0.02060933891521457 9.617948932517956e-37 
0.505 100 0 1 0.020638628719676998 4.0704989538188666e-36 
0.505 100 0 2 0.020638681974685092 3.633568801339387e-36 
0.505 100 0 3 0.020638669221483753 4.1476796930577243e-36 
0.505 100 0 4 0.02063867878760173 4.108834354380114e-36 
0.505 100 0 5 0.020638671883259154 2.1120214405706656e-36 
0.510 101 0 0 0.02063867286490779 1.6813625664024023e-36 
0.510 101 0 1 0.020667851063515423 4.6375085262538333e-36 
0.510 101 0 2 0.02066785805108127 3.475826449293151e-36 
0.510 101 0 3 0.020667857210669632 3.6486430958083514e-36 
0.510 101 0 4 0.020667863042548362 1.972309517392184e-36 
0.510 101 0 5 0.020667849030054534 1.847487320859334e-36 
0.515 102 0 0 0.020667855277584104 3.267817575278344e-36 
0.515 102 0 1 0.020696804069993097 7.469943022844643e-36 
0.515 102 0 2 0.020696877409929773 2.588631702038534e-36 
0.515 102 0 3 0.020696881401592416 4.019613300003371e-36 
0.515 102 0 4 0.02069686985079025 3.545874512086269e-36 
0.515 102 0 5 0.020696880357079894 2.9599900546977835e-36 
0.520 103 0 0 0.02069688166540797 2.4642976250546322e-36 
0.520 103 0 1 0.020725640210566845 4.453848295910057e-36 
0.520 103 0 2 0.020725747512032686 2.44988082297805e-36 
0.520 103 0 3 0.020725753320139036 3.687365209904202e-36 
0.520 103 0 4 0.020725753106194768 3.699934655342216e-36 
0.520 103 0 5 0.020725749832077974 4.6510255633445877e-36 
0.525 104 0 0 0.02072575762227255 5.561254377963974e-36 
0.525 104 0 1 0.020754452541338796 4.904334766678843e-36 
0.525 104 0 2 0.02075447210327664 4.868264043802146e-36 
0.525 104 0 3 0.02075447372925971 3.437433830913009e-36 
0.525 104 0 4 0.020754473553383387 3.021993184534499e-36 
0.525 104 0 5 0.020754473683541212 3.222029907984169e-36 
0.530 105 0 0 0.020754478335741205 1.2267874150113266e-36 
0.530 105 0 1 0.020783035653025243 9.53697224494603e-36 
0.530 105 0 2 0.020783047714484713 4.004394077642032e-36 
0.530 105 0 3 0.020783036390067833 2.893269414344562e-36 
0.530 105 0 4 0.020783044174756675 4.4109360079357937e-36 
0.530 105 0 5 0.020783044797850023 3.4260060513598485e-36 
0.535 106 0 0 0.02078304587802548 5.6240884166190445e-37 
0.535 106 0 1 0.02081139855118766 3.397035539646071e-36 
0.535 106 0 2 0.020811466383103147 2.746857446003023e-36 
0.535 106 0 3 0.020811448471937753 3.1704569228771145e-36 
0.535 106 0 4 0.02081145847238147 3.961276594731042e-36 
0.535 106 0 5 0.020811457705937276 2.96925754769679e-36 
0.540 107 0 0 0.02081145701092989 1.0574372552290824e-36 
0.540 107 0 1 0.02083969182808056 6.779183146308545e-36 
0.540 107 0 2 0.020839704908903006 4.450711360378208e-36 
0.540 107 0 3 0.02083970790862426 5.0001082478332185e-36 
0.540 107 0 4 0.02083971862028909 5.261995639846683e-36 
0.540 107 0 5 0.02083971540810807 3.730305658372404e-36 
0.545 108 0 0 0.020839721821850562 3.178234776009568e-36 
0.545 108 0 1 0.020867802791488897 2.23545014106904e-36 
0.545 108 0 2 0.02086783588210956 5.478559344646925e-36 
0.545 108 0 3 0.02086783170970635 5.4267490580527306e-36 
0.545 108 0 4 0.020867823808142574 1.0630045314163741e-35 
0.545 108 0 5 0.02086783009464028 3.246317347492498e-36 
0.550 109 0 0 0.020867835215912907 1.1185901182633128e-36 
0.550 109 0 1 0.020895791962904496 3.296207877611345e-36 
0.550 109 0 2 0.02089579414498071 5.637528382158443e-36 
0.550 109 0 3 0.020895797067614377 4.6633677518028514e-36 
0.550 109 0 4 0.020895789763892322 1.543465013997287e-36 
0.550 109 0 5 0.02089578606547713 3.6394599049249584e-36 
0.555 110 0 0 0.020895797734298956 4.8275911173040554e-36 
0.555 110 0 1 0.020923492651129114 5.3869103893405045e-36 
0.555 110 0 2 0.0209236042705972 5.868362103371454e-36 
0.555 110 0 3 0.02092359576629913 6.203080245458104e-36 
0.555 110 0 4 0.020923602861850625 3.7415768512299664e-36 
0.555 110 0 5 0.020923602376472 2.8764638772800565e-36 
0.560 111 0 0 0.02092360981815508 1.5564561709683286e-36 
0.560 111 0 1 0.02095123334111139 6.598724288805202e-36 
0.560 111 0 2 0.020951272392933706 6.238306512249036e-36 
0.560 111 0 3 0.020951261781806188 2.4806719016566787e-36 
0.560 111 0 4 0.020951260950634047 7.186586931209804e-36 
0.560 111 0 5 0.020951262891049805 2.9867730610360364e-36 
0.565 112 0 0 0.020951270934910244 3.9959916886262883e-36 
0.565 112 0 1 0.0209788586271169 3.5421062523598854e-36 
0.565 112 0 2 0.020978776859343018 3.860004283878003e-36 
0.565 112 0 3 0.020978776794516447 3.648346244741669e-36 
0.565 112 0 4 0.020978773421761854 2.3666057582451293e-36 
0.565 112 0 5 0.02097877213257196 2.8811665004016784e-36 
0.570 113 0 0 0.020978784346702927 1.072032858077641e-36 
0.570 113 0 1 0.021006066862503846 5.714639527310369e-36 
0.570 113 0 2 0.021006127886086193 5.1666980172300173e-36 
0.570 113 0 3 0.021006139902229132 5.991460411323103e-36 
0.570 113 0 4 0.02100613640209236 6.11088619625945e-36 
0.570 113 0 5 0.021006140359745403 1.5669099704480902e-36 
0.575 114 0 0 0.02100614338246351 3.613565988193842e-36 
0.575 114 0 1 0.021033361678243226 2.429859608618387e-36 
0.575 114 0 2 0.02103334671274799 5.9955038636471054e-36 
0.575 114 0 3 0.021033345102402345 6.226879629526891e-36 
0.575 114 0 4 0.021033349645893512 3.0604939607353136e-36 
0.575 114 0 5 0.02103334404463166 3.01821483545917e-36 
0.580 115 0 0 0.021033354807529537 5.872919621627412e-37 
0.580 115 0 1 0.021060320950165332 6.245630751800042e-36 
0.580 115 0 2 0.021060416448111016 5.357439625285351e-36 
0.580 115 0 3 0.02106041060806208 3.1050467320061784e-36 
0.580 115 0 4 0.021060412068874594 2.8587430344794298e-36 
0.580 115 0 5 0.02106040809105644 2.8578844084635926e-36 
0.585 116 0 0 0.021060414239331412 2.5277691674159608e-36 
0.585 116 0 1 0.0210872520502032 6.186061621343919e-36 
0.585 116 0 2 0.02108732458775371 3.227754201000547e-36 
0.585 116 0 3 0.021087325467209157 7.347249365047938e-36 
0.585 116 0 4 0.02108732843509546 2.4975812917529716e-36 
0.585 116 0 5 0.0210873218252015 3.993661880225786e-36 
0.590 117 0 0 0.02108733282178393 3.548761495219388e-36 
0.590 117 0 1 0.021114098212327768 5.519470443889479e-36 
0.590 117 0 2 0.02111408893218074 3.447262381396355e-36 
0.590 117 0 3 0.021114103867260297 2.7147315240384414e-36 
0.590 117 0 4 0.021114088112686266 2.1587585334669454e-36 
0.590 117 0 5 0.021114095122666512 4.4013449383057935e-36 
0.595 118 0 0 0.021114095162018523 8.196967570996706e-36 
0.595 118 0 1 0.02114063728018154 5.0432544293367585e-36 
0.595 118 0 2 0.0211407224087706 2.4866774408800417e-36 
0.595 118 0 3 0.021140711942413164 2.611549142485039e-36 
0.595 118 0 4 0.02114070608932332 6.351488739010064e-36 
0.595 118 0 5 0.021140702133608653 2.4469447775940458e-36 
0.600 119 0 0 0.021140709394567175 3.687219918560987e-36 
0.600 119 0 1 0.021167167406171014 8.551592437931874e-36 
0.600 119 0 2 0.021167168943086984 4.2921137902740016e-36 
0.600 119 0 3 0.021167172296096447 2.852716330044061e-36 
0.600 119 0 4 0.021167176403544655 2.3308112593217217e-36 
0.600 119 0 5 0.021167171703178615 1.932836217636353e-36 
0.605 120 0 0 0.021167180760601072 4.919859739446877e-37 
0.605 120 0 1 0.0211935076781722 4.672019659991674e-36 
0.605 120 0 2 0.021193501774289497 3.474981813841183e-36 
0.605 120 0 3 0.02119349869658618 4.612525863340995e-36 
0.605 120 0 4 0.021193499429234024 1.9296126482282452e-36 
0.605 120 0 5 0.02119349969323206 1.5828479131865868e-36 
0.610 121 0 0 0.021193504434523645 1.6280847468809657e-36 
0.610 121 0 1 0.021219603866524175 3.632353640152676e-36 
0.610 121 0 2 0.02121967763837282 3.889325635885697e-36 
0.610 121 0 3 0.021219676408106423 2.539865528965912e-36 
0.610 121 0 4 0.02121968097235314 3.3551453699820745e-36 
0.610 121 0 5 0.021219679895957792 2.2123385815488695e-36 
0.615 122 0 0 0.02121967635111884 9.98296100671874e-37 
0.615 122 0 1 0.021245667538765108 3.9862725307429346e-36 
0.615 122 0 2 0.021245700859939078 4.3066218256387264e-36 
0.615 122 0 3 0.02124570607422733 4.777535057753138e-36 
0.615 122 0 4 0.02124570855301578 1.2894001408479668e-36 
0.615 122 0 5 0.021245697452271454 6.294205989549111e-36 
0.620 123 0 0 0.021245705669467242 3.03921452937402e-36 
0.620 123 0 1 0.02127156887942766 2.3935469207332594e-36 
0.620 123 0 2 0.021271590552719544 3.327883590405306e-36 
0.620 123 0 3 0.021271588982466633 5.321733374534032e-36 
0.620 123 0 4 0.0212715890221164 5.356766822656273e-36 
0.620 123 0 5 0.02127158932843601 2.853153445481829e-36 
0.625 124 0 0 0.021271600975989947 1.2572148862095212e-36 
0.625 124 0 1 0.021297241246592002 5.599092491681721e-36 
0.625 124 0 2 0.02129734169789522 1.814582725364097e-36 
0.625 124 0 3 0.021297345898213863 8.039389733568764e-36 
0.625 124 0 4 0.021297331786919674 2.945636274268012e-36 
0.625 124 0 5 0.021297343244233016 2.550887268276049e-36 
0.630 125 0 0 0.02129733906255839 1.889166979673297e-36 
0.630 125 0 1 0.02132288691093417 4.394176881876428e-36 
0.630 125 0 2 0.021322921095091703 5.495567430996658e-36 
0.630 125 0 3 0.021322935012855447 3.622396932516975e-36 
0.630 125 0 4 0.021322938322689212 7.02859324227101e-36 
0.630 125 0 5 0.021322932266303125 4.989650884282185e-36 
0.635 126 0 0 0.021322933859806086 5.637786740949826e-37 
0.635 126 0 1 0.021348298556430948 4.1498743282398345e-36 
0.635 126 0 2 0.021348383106997073 4.488982189106219e-36 
0.635 126 0 3 0.02134838498390184 3.1646774299116286e-36 
0.635 126 0 4 0.021348377615057288 3.9953038432935695e-36 
0.635 126 0 5 0.02134838513828575 2.6452809749105117e-36 
0.640 127 0 0 0.02134838472112203 2.9996342584681024e-36 
0.640 127 0 1 0.021373605549657025 5.19929782470407e-36 
0.640 127 0 2 0.021373695644638785 2.6873919892124857e-36 
0.640 127 0 3 0.021373694083698658 1.0837476409349959e-35 
0.640 127 0 4 0.021373688811122157 3.770608347452911e-36 
0.640 127 0 5 0.021373689786289604 1.79520906784038e-36 
0.645 128 0 0 0.021373699929721827 5.714251247211663e-37 
0.645 128 0 1 0.02139880180469424 3.8832827436504674e-36 
0.645 128 0 2 0.02139887685173982 5.812105418277241e-36 
0.645 128 0 3 0.021398861161021177 3.372590302720269e-36 
0.645 128 0 4 0.021398860207252422 2.4156809792862686e-36 
0.645 128 0 5 0.02139886638168537 1.4603375228082418e-36 
0.650 129 0 0 0.021398866129530954 4.631657924244508e-37 
0.650 129 0 1 0.021423842869121343 3.708147116332626e-36 
0.650 129 0 2 0.021423891568211253 3.032089842650428e-36 
0.650 129 0 3 0.02142388789706262 3.319541627016019e-36 
0.650 129 0 4 0.021423884678518707 2.7700573882199353e-36 
0.650 129 0 5 0.021423887682137044 2.1527499450181247e-36 
0.655 130 0 0 0.021423888331615536 9.559478438542959e-37 
0.655 130 0 1 0.021448695718540568 3.464290601602423e-36 
0.655 130 0 2 0.02144877094612701 7.728151927916542e-36 
0.655 130 0 3 0.0214487667025581 2.1753761844333546e-36 
0.655 130 0 4 0.021448764951952422 3.516380116533814e-36 
0.655 130 0 5 0.02144876489140669 2.479481762055346e-36 
0.660 131 0 0 0.02144876650793226 2.4307569248537937e-36 
0.660 131 0 1 0.021473448024644355 2.929004991470142e-36 
0.660 131 0 2 0.021473511838989122 2.938808520368109e-36 
0.660 131 0 3 0.02147349847921802 3.4771297241273e-36 
0.660 131 0 4 0.021473508039702178 1.84965397491371e-36 
0.660 131 0 5 0.021473504873625985 3.986992237634212e-36 
0.665 132 0 0 0.021473505228983215 2.6234082112231713e-37 
0.665 132 0 1 0.021498050238516413 4.2563687964227406e-36 
0.665 132 0 2 0.021498103079497972 2.832873405690612e-36 
0.665 132 0 3 0.021498113721417543 2.5100694394592807e-36 
0.665 132 0 4 0.021498100776687498 2.1239156170943038e-36 
0.665 132 0 5 0.021498105962187857 2.0594678604294414e-36 
0.670 133 0 0 0.021498107000270366 5.803824031137571e-36 
0.670 133 0 1 0.021522504714677676 5.1130731275972346e-36 
0.670 133 0 2 0.02152255865818016 2.7879149529091293e-36 
0.670 133 0 3 0.021522556945020848 3.323914844105034e-36 
0.670 133 0 4 0.021522558371915766 2.534352305129423e-36 
0.670 133 0 5 0.021522561297677816 1.80126563674862e-36 
0.675 134 0 0 0.02152256516654576 3.5046733654861396e-36 
0.675 134 0 1 0.021546797546782133 4.246197073550675e-36 
0.675 134 0 2 0.021546897212321958 4.053116261153263e-36 
0.675 134 0 3 0.02154687446065379 5.119427489244725e-36 
0.675 134 0 4 0.02154689282974007 3.7076923781653724e-36 
0.675 134 0 5 0.02154687535760103 3.80375750876653e-36 
0.680 135 0 0 0.021546887651719887 1.0814360545492881e-35 
0.680 135 0 1 0.021571047463927292 3.578256210256948e-36 
0.680 135 0 2 0.02157105806378374 2.1499733113474217e-36 
0.680 135 0 3 0.02157106455595456 2.6389752663457026e-36 
0.680 135 0 4 0.021571060100960382 3.253118734560497e-36 
0.680 135 0 5 0.02157106005516494 6.342427920718964e-36 
0.685 136 0 0 0.021571069487719384 1.8456436463849617e-36 
0.685 136 0 1 0.02159510815743558 7.71546988534432e-36 
0.685 136 0 2 0.021595108797716325 6.205098249771386e-36 
0.685 136 0 3 0.02159511124355161 1.8260909955010482e-36 
0.685 136 0 4 0.021595103130398748 3.367836336022915e-36 
0.685 136 0 5 0.02159510403634381 5.214174861190809e-36 
0.690 137 0 0 0.021595108275000923 7.676020924046022e-37 
0.690 137 0 1 0.021618979061489484 3.7342747634050844e-36 
0.690 137 0 2 0.021618996915952194 2.7833387829609287e-36 
0.690 137 0 3 0.02161900160781891 6.299390300610052e-36 
0.690 137 0 4 0.021619004666642086 1.8971094742962925e-36 
0.690 137 0 5 0.02161900726977397 3.74070410012561e-36 
0.695 138 0 0 0.021619006757155373 2.048432914509442e-36 
0.695 138 0 1 0.0216427343654629 4.1980492206228396e-36 
0.695 138 0 2 0.021642763785695074 6.344842010450975e-36 
0.695 138 0 3 0.02164276389268737 2.746501135039902e-36 
0.695 138 0 4 0.02164276890388693 2.172696812086464e-36 
0.695 138 0 5 0.021642755335766643 3.406107927057292e-36 
0.700 139 0 0 0.021642767597999806 1.221410854296451e-36 
0.700 139 0 1 0.021666309114487664 7.421291285409812e-36 
0.700 139 0 2 0.02166639978015986 6.869384347303951e-36 
0.700 139 0 3 0.021666380730315342 2.9954369419189372e-36 
0.700 139 0 4 0.021666384407543742 4.700797622086066e-36 
0.700 139 0 5 0.021666387266845735 3.020616279873841e-36 
0.705 140 0 0 0.021666390582456684 1.3258925453795154e-36 
0.705 140 0 1 0.02168981833741087 6.121910715745741e-36 
0.705 140 0 2 0.02168987378891355 6.474086301363278e-36 
0.705 140 0 3 0.021689864666295303 3.437789783143723e-36 
0.705 140 0 4 0.021689870081204432 6.588193788684718e-36 
0.705 140 0 5 0.021689870533960643 1.7429111293805996e-36 
0.710 141 0 0 0.02168987616605016 8.173527684159107e-36 
0.710 141 0 1 0.02171313098789237 6.337244282281286e-36 
0.710 141 0 2 0.021713215215225106 2.478738782399173e-36 
0.710 141 0 3 0.02171321221278329 2.66682734009797e-36 
0.710 141 0 4 0.02171321689945773 2.6255917225518537e-36 
0.710 141 0 5 0.021713216340045045 2.468144114019411e-36 
0.715 142 0 0 0.02171323116415024 1.4692413707216557e-36 
0.715 142 0 1 0.021736399891168687 4.579501406380312e-36 
0.715 142 0 2 0.021736429255296563 2.7774845839717128e-36 
0.715 142 0 3 0.021736434990368377 2.5262033846165798e-36 
0.715 142 0 4 0.021736441068320754 2.433131831109177e-36 
0.715 142 0 5 0.021736434677440113 3.848803537096839e-36 
0.720 143 0 0 0.0217364421729865 1.8045094168443156e-36 
0.720 143 0 1 0.021759449778546228 3.630900818746413e-36 
0.720 143 0 2 0.021759515737112687 3.765242114220136e-36 
0.720 143 0 3 0.02175951213408736 4.019177888544536e-36 
0.720 143 0 4 0.021759512610651385 3.468669558409948e-36 
0.720 143 0 5 0.021759510165796983 3.195810111524697e-36 
0.725 144 0 0 0.021759515579567804 9.289967265062956e-37 
0.725 144 0 1 0.021782304507380446 2.69473282013731e-36 
0.725 144 0 2 0.02178244547435675 5.588352985092686e-36 
0.725 144 0 3 0.021782450911347333 4.462331824075406e-36 
0.725 144 0 4 0.02178245063708104 4.661363155113279e-36 
0.725 144 0 5 0.02178245002917901 3.390051109367469e-36 
0.730 145 0 0 0.021782454458150642 3.8132399300776074e-36 
0.730 145 0 1 0.02180519345092454 4.2884068289476385e-36 
0.730 145 0 2 0.021805253225527257 2.8618215414705108e-36 
0.730 145 0 3 0.021805247669001694 5.4955305712418534e-36 
0.730 145 0 4 0.021805259033610424 3.6943673077538415e-36 
0.730 145 0 5 0.021805251557592456 1.8263161897694588e-36 
0.735 146 0 0 0.02180525204391748 2.418883024618593e-36 
0.735 146 0 1 0.021827835134819312 4.0042352937104414e-36 
0.735 146 0 2 0.021827903895286608 2.1137542077789353e-36 
0.735 146 0 3 0.021827913442222863 3.042744912599196e-36 
0.735 146 0 4 0.02182791174972941 2.9218235274170686e-36 
0.735 146 0 5 0.021827905309849103 2.7134301325494294e-36 
0.740 147 0 0 0.02182792243873307 2.446323304582453e-36 
0.740 147 0 1 0.021850432096878213 2.5929049673106868e-36 
0.740 147 0 2 0.021850446610539035 2.998394914821312e-36 
0.740 147 0 3 0.02185044731082253 3.1670425078285536e-36 
0.740 147 0 4 0.021850446626670707 2.425792749004836e-36 
0.740 147 0 5 0.021850452981761425 2.463433284893982e-36 
0.745 148 0 0 0.021850449785645893 9.046336034470376e-36 
0.745 148 0 1 0.021872784278948756 4.239501243493398e-36 
0.745 148 0 2 0.021872838379248864 5.289815068949927e-36 
0.745 148 0 3 0.02187283491664117 2.8299033704110564e-36 
0.745 148 0 4 0.021872837499699312 3.1769506072231226e-36 
0.745 148 0 5 0.021872834204889537 4.711338301238595e-36 
0.750 149 0 0 0.02187284944189656 6.123517422125003e-36 
0.750 149 0 1 0.021895021350622542 5.6764412970531965e-36 
0.750 149 0 2 0.021895103300102765 2.4994532919766576e-36 
0.750 149 0 3 0.021895105031116344 3.70001057208782e-36 
0.750 149 0 4 0.021895098138061835 2.315387514646918e-36 
0.750 149 0 5 0.021895100588262367 5.1309398399628047e-36 
0.755 150 0 0 0.02189510878894085 3.7110066801601658e-37 
0.755 150 0 1 0.021917168655206598 2.879991696610739e-36 
0.755 150 0 2 0.021917233839423816 2.4054579576800207e-36 
0.755 150 0 3 0.02191722598969054 3.610598223655115e-36 
0.755 150 0 4 0.021917224564419798 1.9743063116519084e-36 
0.755 150 0 5 0.021917228464924738 3.8686698687398356e-36 
0.760 151 0 0 0.021917230147403884 5.879343330179595e-36 
0.760 151 0 1 0.021939169558067514 9.023040405540271e-36 
0.760 151 0 2 0.02193922433839166 4.318243544899348e-36 
0.760 151 0 3 0.02193921797010094 2.2575706126321385e-36 
0.760 151 0 4 0.02193922125899326 3.496481409291096e-36 
0.760 151 0 5 0.021939218610437936 2.2203754878676686e-36 
0.765 152 0 0 0.021939217243566733 9.834839303977887e-37 
0.765 152 0 1 0.0219610448368123 7.173655793822567e-36 
0.765 152 0 2 0.02196107051385012 2.582713693522447e-36 
0.765 152 0 3 0.021961071597786305 3.246006864594355e-36 
0.765 152 0 4 0.02196106984657758 3.1952193240921376e-36 
0.765 152 0 5 0.021961069784886673 4.9104738888822126e-36 
0.770 153 0 0 0.021961075529834825 7.31385631238388e-36 
0.770 153 0 1 0.02198277771970448 2.4877486606884975e-36 
0.770 153 0 2 0.021982788564621148 4.388404563559078e-36 
0.770 153 0 3 0.021982801968524233 2.0999031459758368e-36 
0.770 153 0 4 0.0219827956484979 4.869210469574564e-36 
0.770 153 0 5 0.021982796239332737 1.9222132093964494e-36 
0.775 154 0 0 0.0219828051109467 6.857299356778551e-37 
0.775 154 0 1 0.02200437828946831 4.517274158472408e-36 
0.775 154 0 2 0.022004395545693386 3.5248039157534184e-36 
0.775 154 0 3 0.022004390571985992 3.192946574928431e-36 
0.775 154 0 4 0.022004395715821193 2.0364601090995076e-36 
0.775 154 0 5 0.0220043949873345 1.657227400743321e-36 
0.780 155 0 0 0.022004399999410975 5.060928797748124e-36 
0.780 155 0 1 0.022025786655238418 3.090455201673756e-36 
0.780 155 0 2 0.02202586180219027 2.5319026112060294e-36 
0.780 155 0 3 0.022025863977764813 3.7481742092415585e-36 
0.780 155 0 4 0.022025857791465757 1.8211925941683787e-36 
0.780 155 0 5 0.02202585834769861 2.9330690709075404e-36 
0.785 156 0 0 0.02202586273439555 5.1319771422485336e-36 
0.785 156 0 1 0.02204712989719252 2.1537350242073816e-36 
0.785 156 0 2 0.022047192205872816 3.732645176605339e-36 
0.785 156 0 3 0.022047188363209683 3.539334013161167e-36 
0.785 156 0 4 0.02204718837219864 3.54740038037888e-36 
0.785 156 0 5 0.022047188759803864 2.7570667460947076e-36 
0.790 157 0 0 0.02204719462472258 8.693537707199919e-37 
0.790 157 0 1 0.0220683059226122 7.364725821396387e-36 
0.790 157 0 2 0.022068402028996636 2.244836015762312e-36 
0.790 157 0 3 0.02206839357352431 3.8993467359884276e-36 
0.790 157 0 4 0.02206837684315036 1.5127030374851658e-36 
0.790 157 0 5 0.022068389488083286 5.05167392376748e-36 
0.795 158 0 0 0.022068393185488925 3.2549508584456877e-37 
0.795 158 0 1 0.022089467180506518 5.25481996035367e-36 
0.795 158 0 2 0.022089450540271602 2.4880273509270825e-36 
0.795 158 0 3 0.022089452987932325 4.330786713188561e-36 
0.795 158 0 4 0.022089457176631702 5.180816110468477e-36 
0.795 158 0 5 0.02208945983114448 2.055669242973125e-36 
0.800 159 0 0 0.02208946258601158 9.205672530898314e-37 
0.800 159 0 1 0.022110329443103472 5.960733635428406e-36 
0.800 159 0 2 0.022110393400289235 4.911092926491813e-36 
0.800 159 0 3 0.022110402820688674 2.1027438582227167e-36 
0.800 159 0 4 0.022110393697079334 1.2220908206150756e-36 
0.800 159 0 5 0.022110395118001322 1.8644544668731333e-36 
0.805 160 0 0 0.022110401186622535 3.0039313288008242e-36 
0.805 160 0 1 0.022131208801847928 2.503349036232133e-36 
0.805 160 0 2 0.022131204450580384 4.3139169630232247e-36 
0.805 160 0 3 0.022131201203861594 2.6925429381595894e-36 
0.805 160 0 4 0.022131205096115533 2.2768794292733142e-36 
0.805 160 0 5 0.022131204525050956 3.209973270521769e-36 
0.810 161 0 0 0.022131212652750757 5.4147052760367583e-36 
0.810 161 0 1 0.022151791362629413 2.6520225433496644e-36 
0.810 161 0 2 0.02215187545810914 2.3825251365815716e-36 
0.810 161 0 3 0.022151873014357903 2.7486804792531708e-36 
0.810 161 0 4 0.02215188654576315 1.2029872885937303e-36 
0.810 161 0 5 0.0221518819356857 3.3734374044575365e-36 
0.815 162 0 0 0.02215189192893257 2.087281754351235e-36 
0.815 162 0 1 0.02217237820418818 2.366526747432517e-36 
0.815 162 0 2 0.022172440115672713 3.0351265124745576e-36 
0.815 162 0 3 0.022172430503000023 3.2733494038042183e-36 
0.815 162 0 4 0.02217243527005996 1.607117102183718e-36 
0.815 162 0 5 0.022172431242920128 4.549562631058851e-36 
0.820 163 0 0 0.022172435851622704 6.709777950101409e-37 
0.820 163 0 1 0.022192809440426096 3.295753812067353e-36 
0.820 163 0 2 0.02219284223807994 7.402549535020791e-36 
0.820 163 0 3 0.022192852381558922 3.042691999569183e-36 
0.820 163 0 4 0.022192851246850685 2.6819058496727158e-36 
0.820 163 0 5 0.0221928527334603 3.2162568273604556e-36 
0.825 164 0 0 0.02219285439160617 4.563497830587736e-37 
0.825 164 0 1 0.022213128945775696 5.56950222489353e-36 
0.825 164 0 2 0.0222131416922646 4.995770365886278e-36 
0.825 164 0 3 0.022213143310750545 6.573212450750683e-36 
0.825 164 0 4 0.02221313659040749 4.536327198907486e-36 
0.825 164 0 5 0.02221313655543774 2.9741163539400512e-36 
0.830 165 0 0 0.022213141472168917 1.4510168499851325e-36 
0.830 165 0 1 0.022233188768749062 2.195416725501437e-36 
0.830 165 0 2 0.022233298438013496 4.1563065796611674e-36 
0.830 165 0 3 0.02223329968305213 1.3644846272672962e-36 
0.830 165 0 4 0.022233297328883683 4.5939174717242266e-36 
0.830 165 0 5 0.0222332978425321 1.0218295306787081e-36 
0.835 166 0 0 0.022233302463775202 1.0822486007751771e-36 
0.835 166 0 1 0.022253245655342025 4.186663861176791e-36 
0.835 166 0 2 0.022253337947953734 9.3266672547653e-37 
0.835 166 0 3 0.022253329580371083 2.061544652015897e-36 
0.835 166 0 4 0.02225332396735104 1.8102372651950627e-36 
0.835 166 0 5 0.022253323032152654 3.2445053901054116e-36 
0.840 167 0 0 0.022253338373306925 7.940848653577218e-37 
0.840 167 0 1 0.022273188306066068 3.6849773973209934e-36 
0.840 167 0 2 0.02227323743023345 4.14797779968783e-36 
0.840 167 0 3 0.022273231480602566 3.3085893024266104e-36 
0.840 167 0 4 0.022273239544725123 1.7970866284163723e-36 
0.840 167 0 5 0.02227323945160101 1.797706787064744e-36 
0.845 168 0 0 0.022273243601937397 3.5428042526836224e-37 
0.845 168 0 1 0.022292974314337563 2.727248101287994e-36 
0.845 168 0 2 0.02229301406687474 2.291640729717287e-36 
0.845 168 0 3 0.02229302052111931 2.4141851099911834e-36 
0.845 168 0 4 0.022293019686102374 6.248359808585284e-36 
0.845 168 0 5 0.022293017276401914 1.6747262778671993e-36 
0.850 169 0 0 0.02229302376030318 4.84380337002467e-37 
0.850 169 0 1 0.02231262683024594 6.540349602739295e-36 
0.850 169 0 2 0.022312670176555454 1.911932969971306e-36 
0.850 169 0 3 0.022312675428451455 2.569804483653578e-36 
0.850 169 0 4 0.022312666760988562 2.1006133464583324e-36 
0.850 169 0 5 0.022312669829823224 2.539645087901892e-36 
0.855 170 0 0 0.022312671221187144 1.4555565010604609e-36 
0.855 170 0 1 0.022332135162447402 3.5675176453404814e-36 
0.855 170 0 2 0.022332191503380665 2.085300494938801e-36 
0.855 170 0 3 0.022332192174813446 4.3159909295919776e-36 
0.855 170 0 4 0.022332189171275746 3.4075757255415405e-36 
0.855 170 0 5 0.022332183687263658 2.091782834372441e-36 
0.860 171 0 0 0.022332200359640956 3.161872847980756e-36 
0.860 171 0 1 0.022351541371264206 3.178120254235714e-36 
0.860 171 0 2 0.022351588955085086 5.419290562898454e-36 
0.860 171 0 3 0.022351588678012138 1.9567526381528814e-36 
0.860 171 0 4 0.022351590717894696 2.8161467449140663e-36 
0.860 171 0 5 0.022351599753082138 1.4911898998868933e-36 
0.865 172 0 0 0.02235159773740691 1.5624172123272422e-36 
0.865 172 0 1 0.022370852824024824 2.3801004194020057e-36 
0.865 172 0 2 0.0223708673698462 2.1669557034885128e-36 
0.865 172 0 3 0.022370860854756272 3.5249079929929614e-36 
0.865 172 0 4 0.022370861693393165 1.5324048006365136e-36 
0.865 172 0 5 0.02237086370711419 6.276447031430253e-36 
0.870 173 0 0 0.02237087255188178 8.894468571564653e-37 
0.870 173 0 1 0.022389942877127592 5.2611495246235364e-36 
0.870 173 0 2 0.022390016987886254 3.82612936206374e-36 
0.870 173 0 3 0.022390012198353754 3.5813886167921604e-36 
0.870 173 0 4 0.022390016468870025 4.2614826165657336e-36 
0.870 173 0 5 0.02239001435335187 6.96796634447169e-36 
0.875 174 0 0 0.022390019220692857 1.0177238917339864e-36 
0.875 174 0 1 0.022408951572042975 2.4770530091362025e-36 
0.875 174 0 2 0.022409023411183112 2.6857465733452878e-36 
0.875 174 0 3 0.022409033095120687 6.579593403437834e-36 
0.875 174 0 4 0.022409040182021292 2.153557900081491e-36 
0.875 174 0 5 0.02240903174569747 4.6026269564643514e-36 
0.880 175 0 0 0.02240903720187106 5.626142501657899e-37 
0.880 175 0 1 0.022427880529466423 1.3860306337223478e-36 
0.880 175 0 2 0.022427930746295 3.7411961913047295e-36 
0.880 175 0 3 0.02242793123437497 2.3340666213893885e-36 
0.880 175 0 4 0.022427922668498166 2.9352385948211706e-36 
0.880 175 0 5 0.02242792721018238 1.8935488309503817e-36 
0.885 176 0 0 0.02242793316079894 6.0261443504731685e-37 
0.885 176 0 1 0.022446646322552426 3.162695298839035e-36 
0.885 176 0 2 0.02244670474817386 3.28496009204333e-36 
0.885 176 0 3 0.022446698822589557 4.0625450940522566e-36 
0.885 176 0 4 0.022446695071889542 1.7814681368861898e-36 
0.885 176 0 5 0.0224466970885127 2.8503462298734405e-36 
0.890 177 0 0 0.02244670556200693 3.434333855064692e-36 
0.890 177 0 1 0.02246527614056566 5.5784858708756025e-36 
0.890 177 0 2 0.022465348790007077 3.45047895552253e-36 
0.890 177 0 3 0.022465340091497046 3.9194674537494464e-36 
0.890 177 0 4 0.02246534810585199 3.3277235060687425e-36 
0.890 177 0 5 0.022465347511877017 9.177499324708001e-36 
0.895 178 0 0 0.022465360719901312 2.82862905170321e-36 
0.895 178 0 1 0.022483823338695513 3.833027068782983e-36 
0.895 178 0 2 0.022483871962711868 3.024356737838694e-36 
0.895 178 0 3 0.022483881810709976 5.132599649967829e-36 
0.895 178 0 4 0.022483874057588487 4.841274004023581e-36 
0.895 178 0 5 0.02248389309168822 2.5548141325678204e-36 
0.900 179 0 0 0.022483884034329337 3.889738190442751e-37 
0.900 179 0 1 0.022502200834305573 3.8945866259986063e-36 
0.900 179 0 2 0.02250227723882234 3.291478528925412e-36 
0.900 179 0 3 0.022502279729421898 3.511477858827771e-36 
0.900 179 0 4 0.02250228313447005 3.430475767466311e-36 
0.900 179 0 5 0.022502277485026267 1.9512765431205038e-36 
0.905 180 0 0 0.022502285525296758 2.162826537588965e-36 
0.905 180 0 1 0.02252046782566852 2.8005261906725447e-36 
0.905 180 0 2 0.0225205535898415 2.4571787405387028e-36 
0.905 180 0 3 0.02252055712080179 2.2599395469224366e-36 
0.905 180 0 4 0.02252055589061136 1.585228999537168e-36 
0.905 180 0 5 0.022520558302808313 2.574716965233217e-36 
0.910 181 0 0 0.022520563540073264 9.985441279680855e-37 
0.910 181 0 1 0.02253865992522287 5.711599045954415e-36 
0.910 181 0 2 0.022538717231802678 1.9650572485303048e-36 
0.910 181 0 3 0.022538710832069226 1.7892216446035642e-36 
0.910 181 0 4 0.02253871043693558 1.287620065803541e-36 
0.910 181 0 5 0.02253871293678433 2.581512926473561e-36 
0.915 182 0 0 0.02253871683500025 1.2004876286537852e-36 
0.915 182 0 1 0.022556725001343935 4.0105130211475155e-36 
0.915 182 0 2 0.02255674601150299 1.2743172368012371e-36 
0.915 182 0 3 0.02255674205491789 2.108289995757535e-36 
0.915 182 0 4 0.022556746923461494 1.7358803777799615e-36 
0.915 182 0 5 0.022556742951336774 1.481736090244071e-36 
0.920 183 0 0 0.02255674714467001 1.2299954427161828e-36 
0.920 183 0 1 0.022574612960154186 4.8816216691795995e-36 
0.920 183 0 2 0.02257465685289661 2.5329392133372226e-36 
0.920 183 0 3 0.0225746547123915 5.094608004735461e-36 
0.920 183 0 4 0.022574655169204486 2.4399652350444876e-36 
0.920 183 0 5 0.022574647091040467 2.693964011747843e-36 
0.925 184 0 0 0.022574659713514838 7.480852387587551e-37 
0.925 184 0 1 0.02259238408929883 5.7370378371225844e-36 
0.925 184 0 2 0.02259244246616922 2.4800635811777334e-36 
0.925 184 0 3 0.02259243765077048 5.0106888359660096e-36 
0.925 184 0 4 0.022592443707120862 3.556796075371789e-36 
0.925 184 0 5 0.022592441871159663 1.776304991037253e-36 
0.930 185 0 0 0.02259244711139068 7.064563027707929e-37 
0.930 185 0 1 0.022610045824030076 1.655471136562401e-36 
0.930 185 0 2 0.0226101132317209 2.5662677408542752e-36 
0.930 185 0 3 0.022610105651876 3.300746918755435e-36 
0.930 185 0 4 0.02261010858052232 1.3082274489160247e-36 
0.930 185 0 5 0.022610102270966347 1.2730628840990754e-36 
0.935 186 0 0 0.02261011418108271 2.067684696118551e-36 
0.935 186 0 1 0.02262763122245056 1.2891740497485386e-36 
0.935 186 0 2 0.022627658433951526 4.878031026836165e-36 
0.935 186 0 3 0.022627653736439733 2.8184560847832733e-36 
0.935 186 0 4 0.022627656380225968 1.947411784376671e-36 
0.935 186 0 5 0.02262765859459493 1.4784688451654263e-36 
0.940 187 0 0 0.022627658903664544 4.566377256031752e-36 
0.940 187 0 1 0.02264502023810107 2.471271049885419e-36 
0.940 187 0 2 0.022645075556460028 2.2530103165929415e-36 
0.940 187 0 3 0.02264507818110823 2.2717762365778747e-36 
0.940 187 0 4 0.022645078526663004 3.345255745306459e-36 
0.940 187 0 5 0.022645077080503985 3.4538420269953585e-36 
0.945 188 0 0 0.02264509022509522 1.684161981578886e-36 
0.945 188 0 1 0.022662373817995032 2.2406784865329254e-36 
0.945 188 0 2 0.022662393000694225 2.5725307602626668e-36 
0.945 188 0 3 0.02266238499941294 1.9129206948120637e-36 
0.945 188 0 4 0.022662390705557 1.9273385538180123e-36 
0.945 188 0 5 0.02266238908122187 3.3312898442916116e-36 
0.950 189 0 0 0.022662395990082473 2.4380237635659253e-36 
0.950 189 0 1 0.022679535512336417 1.5278307830827536e-36 
0.950 189 0 2 0.02267957016569557 2.486568924326964e-36 
0.950 189 0 3 0.022679575073812647 2.6574237529921085e-36 
0.950 189 0 4 0.022679576753609727 9.485364642161716e-37 
0.950 189 0 5 0.02267957542835532 2.5088280459653166e-36 
0.955 190 0 0 0.022679580882225225 1.1237067233665797e-36 
0.955 190 0 1 0.022696559207125967 2.589614045893189e-36 
0.955 190 0 2 0.02269663829106705 1.9350130058812233e-36 
0.955 190 0 3 0.02269663310140471 3.416545201593541e-36 
0.955 190 0 4 0.022696642918007204 1.9046411508615698e-36 
0.955 190 0 5 0.022696637581237564 2.0254584139626047e-36 
0.960 191 0 0 0.02269664694924683 3.835443695127959e-37 
0.960 191 0 1 0.022713562735833585 1.725703542971098e-36 
0.960 191 0 2 0.02271358846792643 4.931008494157654e-36 
0.960 191 0 3 0.022713582740556123 2.5767652375933267e-36 
0.960 191 0 4 0.02271358965179908 1.4521695894778342e-36 
0.960 191 0 5 0.022713583407715437 2.6289557805388013e-36 
0.965 192 0 0 0.022713591615300694 8.011709548888382e-37 
0.965 192 0 1 0.022730356972604185 3.5303929218108585e-36 
0.965 192 0 2 0.02273041316297043 6.335519452027516e-36 
0.965 192 0 3 0.022730413662587733 2.1203685158967522e-36 
0.965 192 0 4 0.022730412675965008 2.764848638513775e-36 
0.965 192 0 5 0.022730415019801407 4.735877436371892e-36 
0.970 193 0 0 0.02273041334741288 6.933160273775182e-37 
0.970 193 0 1 0.022747056557219363 4.15671948066147e-36 
0.970 193 0 2 0.02274711331957763 2.8832437404036426e-36 
0.970 193 0 3 0.02274711592606873 8.526791742032419e-37 
0.970 193 0 4 0.022747111361085426 2.5109992738578797e-36 
0.970 193 0 5 0.022747115929054783 2.9415675761508752e-36 
0.975 194 0 0 0.022747117271938323 7.347898794542068e-37 
0.975 194 0 1 0.022763628338076408 1.3476661309945925e-36 
0.975 194 0 2 0.022763699021172555 1.7839569326419327e-36 
0.975 194 0 3 0.022763701344880236 2.760476856354387e-36 
0.975 194 0 4 0.022763700964479952 3.263973035519728e-36 
0.975 194 0 5 0.022763702102455947 1.4342969580275518e-36 
0.980 195 0 0 0.022763701083908554 6.256703316420671e-37 
0.980 195 0 1 0.022780089210430947 4.927845281477001e-36 
0.980 195 0 2 0.022780171118801675 1.8114412608356102e-36 
0.980 195 0 3 0.022780165879863028 1.2821131646257234e-36 
0.980 195 0 4 0.022780164534624545 1.6544551167030516e-36 
0.980 195 0 5 0.022780167173324015 1.730407018082186e-36 
0.985 196 0 0 0.02278016945775717 2.5111519266844673e-36 
0.985 196 0 1 0.022796459548140698 2.6265697167760756e-36 
0.985 196 0 2 0.022796512440648883 3.462906477452078e-36 
0.985 196 0 3 0.02279651076054944 1.753207780813357e-36 
0.985 196 0 4 0.022796517612486328 1.9660422828780115e-36 
0.985 196 0 5 0.022796516057904524 2.4264044326000955e-36 
0.990 197 0 0 0.02279652187043958 3.782505408379751e-37 
0.990 197 0 1 0.02281268639595166 2.7732696575572272e-36 
0.990 197 0 2 0.02281275485850686 1.3571522265540334e-36 
0.990 197 0 3 0.022812753736932315 3.8763755305224444e-36 
0.990 197 0 4 0.022812752334308316 1.1162623839870701e-36 
0.990 197 0 5 0.02281274892986359 1.388854889120062e-36 
0.995 198 0 0 0.022812760533366123 4.70045144925459e-37 
0.995 198 0 1 0.022828795548351304 3.557469191891724e-36 
0.995 198 0 2 0.02282887261003947 1.7346531990576195e-36 
0.995 198 0 3 0.022828872702145956 2.1964306826494473e-36 
0.995 198 0 4 0.022828872323656848 2.9607131695469267e-36 
0.995 198 0 5 0.022828877469247517 1.250287142953283e-36 
1.000 199 0 0 0.022828877749675715 1.3818380040902724e-36 
1.000 199 0 1 0.022844822849114883 3.339113394511427e-36 
1.000 199 0 2 0.022844872604497246 2.1688513800510517e-36 
1.000 199 0 3 0.02284487972884666 3.673819698428653e-36 
1.000 199 0 4 0.022844873702136663 3.600006111243752e-36 
1.000 199 0 5 0.022844876857702336 1.5024765182379514e-36 
1.005 200 0 0 0.02284487407314007 7.290530942147377e-37 
1.005 200 0 1 0.02286065031748215 4.14962487469241e-36 
1.005 200 0 2 0.022860748803559247 1.898968291104026e-36 
1.005 200 0 3 0.02286075082771661 2.0067154528517107e-36 
1.005 200 0 4 0.022860756828676523 8.128155287471888e-37 
1.005 200 0 5 0.02286075135290064 1.784034149792511e-36 
1.010 201 0 0 0.0228607564173874 1.5654895264834896e-36 
1.010 201 0 1 0.022876479780205867 2.2799522413874365e-36 
1.010 201 0 2 0.022876518942623925 1.433914280232526e-36 
1.010 201 0 3 0.022876523132385067 1.6750269404657042e-36 
1.010 201 0 4 0.022876521870023862 1.8324532492614895e-36 
1.010 201 0 5 0.022876522898441946 1.0730202415646933e-36 
1.015 202 0 0 0.022876525653430235 1.4542985962729843e-36 
1.015 202 0 1 0.02289211907637292 1.8503711706781388e-36 
1.015 202 0 2 0.02289217824234034 1.772775108995231e-36 
1.015 202 0 3 0.022892177826030362 1.9151761351371395e-36 
1.015 202 0 4 0.022892175663696814 1.1473825099658972e-36 
1.015 202 0 5 0.022892173944021002 1.7063799734596903e-36 
1.020 203 0 0 0.02289217811463843 3.6224632192774723e-37 
1.020 203 0 1 0.022907644199318077 3.199266587947964e-36 
1.020 203 0 2 0.022907713599858846 1.0281571219203361e-36 
1.020 203 0 3 0.022907707073679052 1.2566228056740655e-36 
1.020 203 0 4 0.022907712657906008 1.9776171875595376e-36 
1.020 203 0 5 0.0229077077619522 1.4715566546252578e-36 
1.025 204 0 0 0.022907717573301765 4.0181190270079e-37 
1.025 204 0 1 0.02292307666878954 2.3284482441161372e-36 
1.025 204 0 2 0.022923135021307127 1.6383303640636782e-36 
1.025 204 0 3 0.022923138849819166 1.3160309101210547e-36 
1.025 204 0 4 0.022923136673686905 2.314220827176684e-36 
1.025 204 0 5 0.022923130242769724 9.880369827933731e-37 
1.030 205 0 0 0.02292313392971181 7.960028560108962e-37 
1.030 205 0 1 0.02293839475443983 3.008353191911291e-36 
1.030 205 0 2 0.022938434222740917 1.3708668803594205e-36 
1.030 205 0 3 0.022938432860648044 4.229308938349489e-36 
1.030 205 0 4 0.02293843781005768 3.2665241610311646e-36 
1.030 205 0 5 0.022938442060066223 5.048027677900982e-36 
1.035 206 0 0 0.022938441576911207 2.2675024212632318e-36 
1.035 206 0 1 0.022953597070411478 3.271367810830236e-36 
1.035 206 0 2 0.022953627738968942 2.2441954542082998e-36 
1.035 206 0 3 0.02295362931034295 1.1299656928800904e-36 
1.035 206 0 4 0.022953618069025218 1.2693455643744653e-36 
1.035 206 0 5 0.02295362498893348 1.513352477666248e-36 
1.040 207 0 0 0.022953633320390646 1.1078286152514356e-36 
1.040 207 0 1 0.02296865636572084 2.8944503614279687e-36 
1.040 207 0 2 0.02296870667017891 2.293954419216927e-36 
1.040 207 0 3 0.022968701801501033 2.3789876763174546e-36 
1.040 207 0 4 0.022968701735502684 2.354521991644462e-36 
1.040 207 0 5 0.022968700631609808 1.4510642004076242e-36 
1.045 208 0 0 0.02296870547869095 9.630875969746685e-37 
1.045 208 0 1 0.022983641597223266 2.458329778307687e-36 
1.045 208 0 2 0.0229836633773351 1.86725482172424e-36 
1.045 208 0 3 0.022983661567623354 2.2000602474590274e-36 
1.045 208 0 4 0.022983661231660183 1.512116151267531e-36 
1.045 208 0 5 0.022983664446072336 1.7505539681504555e-36 
1.050 209 0 0 0.02298366820739596 1.3457833988096153e-36 
1.050 209 0 1 0.022998448264030788 1.958344916782312e-36 
1.050 209 0 2 0.022998518611953025 2.150797499052199e-36 
1.050 209 0 3 0.022998513557737216 2.2770866869213817e-36 
1.050 209 0 4 0.02299850539596067 4.928348896934691e-36 
1.050 209 0 5 0.022998516800290785 1.9044165395333204e-36 
1.055 210 0 0 0.022998514893045777 9.598377694043105e-37 
1.055 210 0 1 0.023013204047887606 6.690037874152752e-36 
1.055 210 0 2 0.023013244840946412 1.3080223885039491e-36 
1.055 210 0 3 0.023013245905666245 3.985525649871837e-36 
1.055 210 0 4 0.023013248384348064 3.064429255238646e-36 
1.055 210 0 5 0.023013242382931662 3.2992477311855856e-36 
1.060 211 0 0 0.023013250598404717 3.577520023343079e-37 
1.060 211 0 1 0.02302783190838933 2.643239114892175e-36 
1.060 211 0 2 0.023027874002795972 3.0056727882087306e-36 
1.060 211 0 3 0.02302786967321137 2.4266942435432933e-36 
1.060 211 0 4 0.023027865006615158 4.262455543694708e-36 
1.060 211 0 5 0.02302786633017081 1.696647473578283e-36 
1.065 212 0 0 0.023027870281111126 9.406302505898202e-37 
1.065 212 0 1 0.023042299019735916 1.893909043128427e-36 
1.065 212 0 2 0.023042376301192394 2.074903802006079e-36 
1.065 212 0 3 0.023042377734625114 1.4736661357022889e-36 
1.065 212 0 4 0.02304237536370336 2.2204258000877317e-36 
1.065 212 0 5 0.023042374412613035 1.8448776322824773e-36 
1.070 213 0 0 0.023042380575610397 3.0055931498552543e-36 
1.070 213 0 1 0.023056756831116465 1.486968561130635e-36 
1.070 213 0 2 0.02305677568887938 1.0824796564013731e-36 
1.070 213 0 3 0.023056775112184232 2.3137785101190167e-36 
1.070 213 0 4 0.02305677422729696 1.6108541970322567e-36 
1.070 213 0 5 0.023056768984299415 2.012868879509805e-36 
1.075 214 0 0 0.023056775597735897 2.9047928354245114e-37 
1.075 214 0 1 0.023070991399269873 2.6506058193918443e-36 
1.075 214 0 2 0.023071058988284925 2.1763943566871456e-36 
1.075 214 0 3 0.0230710509373462 1.7577909908850426e-36 
1.075 214 0 4 0.023071053674838027 1.3648817440416978e-36 
1.075 214 0 5 0.023071052933929134 1.32027610458237e-36 
1.080 215 0 0 0.023071060064038425 1.2694286271830863e-36 
1.080 215 0 1 0.023085198592731396 1.310073530723314e-36 
1.080 215 0 2 0.023085228834282826 4.330394663509405e-36 
1.080 215 0 3 0.023085230947385016 2.6369031831220874e-36 
1.080 215 0 4 0.023085229861186756 1.0137819520708045e-36 
1.080 215 0 5 0.02308522942031157 1.5792096491161405e-36 
1.085 216 0 0 0.02308522816791701 3.189019627314139e-37 
1.085 216 0 1 0.02309921483311579 1.8007744424005175e-36 
1.085 216 0 2 0.023099285058743316 1.9655638683719033e-36 
1.085 216 0 3 0.02309928646816476 1.4651025653686579e-36 
1.085 216 0 4 0.023099284413705984 1.470094192285562e-36 
1.085 216 0 5 0.023099289762876268 2.278800710361393e-36 
1.090 217 0 0 0.02309928845538012 6.073867018623781e-37 
1.090 217 0 1 0.023113171196519514 1.7823375697157836e-36 
1.090 217 0 2 0.023113231256151615 3.6440547737998686e-36 
1.090 217 0 3 0.023113233149153985 2.666507395632595e-36 
1.090 217 0 4 0.02311323207559458 3.7003730711849594e-36 
1.090 217 0 5 0.023113230635234905 2.2906455611790866e-36 
1.095 218 0 0 0.023113236924097485 1.7014252822424696e-36 
1.095 218 0 1 0.023127023361286112 1.404501496302632e-36 
1.095 218 0 2 0.02312706880586587 4.7683300290344763e-36 
1.095 218 0 3 0.023127069876225457 1.282614582847422e-36 
1.095 218 0 4 0.02312706565772943 1.1865626356622156e-36 
1.095 218 0 5 0.023127068350224413 2.5245541572175585e-36 
1.100 219 0 0 0.023127077062507023 2.6717011778898238e-36 
1.100 219 0 1 0.02314074640897586 1.6289474040712118e-36 
1.100 219 0 2 0.02314079915936932 1.7828527991351465e-36 
1.100 219 0 3 0.02314080271729724 1.913411082012251e-36 
1.100 219 0 4 0.02314079524674938 8.977205838538116e-37 
1.100 219 0 5 0.023140802641497735 3.1784630230504746e-36 
1.105 220 0 0 0.02314080377632219 2.8245691547352967e-37 
1.105 220 0 1 0.02315437005674266 3.782603955564591e-36 
1.105 220 0 2 0.023154416233415836 2.074102573175341e-36 
1.105 220 0 3 0.02315441708706843 1.9145126595506387e-36 
1.105 220 0 4 0.02315441663163153 2.6517065000992144e-36 
1.105 220 0 5 0.023154423426555652 1.1583859539232844e-36 
1.110 221 0 0 0.02315442562841704 8.18398905701116e-37 
1.110 221 0 1 0.023167897078043898 1.3240767847500257e-36 
1.110 221 0 2 0.02316792974817232 2.3354042448514944e-36 
1.110 221 0 3 0.023167924568461198 1.092852000371979e-36 
1.110 221 0 4 0.023167930452451406 1.5221853663543347e-36 
1.110 221 0 5 0.0231679242696117 3.558444809513751e-36 
1.115 222 0 0 0.023167930887826423 6.553285509877262e-37 
1.115 222 0 1 0.023181322383456885 1.755884059093239e-36 
1.115 222 0 2 0.0231813225330458 1.7678196692098702e-36 
1.115 222 0 3 0.0231813216264135 9.666109274868678e-37 
1.115 222 0 4 0.023181325656516663 1.602406093692086e-36 
1.115 222 0 5 0.02318132276535576 3.913106365869326e-36 
1.120 223 0 0 0.023181327460554787 1.6571316506713227e-36 
1.120 223 0 1 0.023194578892058563 7.526411270375805e-36 
1.120 223 0 2 0.02319460997752721 2.799906614964334e-36 
1.120 223 0 3 0.02319460808399991 3.2306545076685166e-36 
1.120 223 0 4 0.02319460809928898 1.1933676997373841e-36 
1.120 223 0 5 0.0231946099960422 1.6405510521868385e-36 
1.125 224 0 0 0.023194613124030275 2.447707198264361e-37 
1.125 224 0 1 0.023207729051299385 3.3505042694682314e-36 
1.125 224 0 2 0.02320778805981961 1.2279233611352273e-36 
1.125 224 0 3 0.02320779071317468 1.518340920833041e-36 
1.125 224 0 4 0.023207788721497036 2.8026005159737025e-36 
1.125 224 0 5 0.02320778648190933 1.368059126652422e-36 
1.130 225 0 0 0.023207793762190114 4.479586868598249e-37 
1.130 225 0 1 0.023220841371447507 1.7770777903247465e-36 
1.130 225 0 2 0.023220859311076533 1.1174338695032458e-36 
1.130 225 0 3 0.023220857796955374 6.61173376438179e-37 
1.130 225 0 4 0.02322085646017641 1.8646657154192272e-36 
1.130 225 0 5 0.023220862694631764 1.6222688828525657e-36 
1.135 226 0 0 0.02322085970244269 6.590633229230273e-37 
1.135 226 0 1 0.02323382657256824 7.712395189885062e-37 
1.135 226 0 2 0.023233811176695356 1.827648611611665e-36 
1.135 226 0 3 0.02323381233750808 1.141527145096359e-36 
1.135 226 0 4 0.02323381210306783 1.4124672839217697e-36 
1.135 226 0 5 0.023233815370609576 2.328171975321298e-36 
1.140 227 0 0 0.02323382106916498 7.875850996664915e-37 
1.140 227 0 1 0.023246626847705173 2.662246910202438e-36 
1.140 227 0 2 0.023246672247709044 1.2879477230156634e-36 
1.140 227 0 3 0.023246664840300624 1.7347578592373233e-36 
1.140 227 0 4 0.023246672052030397 2.0365446354228756e-36 
1.140 227 0 5 0.023246666454624258 1.4875088121353772e-36 
1.145 228 0 0 0.02324667249496909 3.2691949116908264e-37 
1.145 228 0 1 0.023259389710010278 2.5770690391003926e-36 
1.145 228 0 2 0.023259415049763803 4.0421805727792214e-36 
1.145 228 0 3 0.023259408426409715 1.4668677978597496e-36 
1.145 228 0 4 0.02325941092760062 1.937942863131209e-36 
1.145 228 0 5 0.023259412287338112 1.2106164506905737e-36 
1.150 229 0 0 0.023259416968403303 1.7738279561968323e-36 
1.150 229 0 1 0.023271993164311874 3.467797435087304e-36 
1.150 229 0 2 0.023272043862295776 3.564953381254644e-36 
1.150 229 0 3 0.023272047560508307 3.515946095163055e-36 
1.150 229 0 4 0.023272051215556026 6.398496047091817e-37 
1.150 229 0 5 0.023272047776474687 2.3731574675579482e-36 
1.155 230 0 0 0.02327205644602549 4.852001660559522e-37 
1.155 230 0 1 0.023284556958137536 3.2759291830666526e-36 
1.155 230 0 2 0.023284588086407612 3.339642345445352e-36 
1.155 230 0 3 0.023284581041794736 2.8554214414411448e-36 
1.155 230 0 4 0.023284587031744557 1.319233628208014e-36 
1.155 230 0 5 0.023284579401280966 2.3944542895148793e-36 
1.160 231 0 0 0.023284581788274278 4.239165456835413e-37 
1.160 231 0 1 0.02329695285261229 1.9580063182317804e-36 
1.160 231 0 2 0.02329699149592136 1.3472245314017388e-36 
1.160 231 0 3 0.023296998420127998 2.5828942256062032e-36 
1.160 231 0 4 0.023297004482517345 1.667427194426224e-36 
1.160 231 0 5 0.023296998313819907 2.2685626219940563e-36 
1.165 232 0 0 0.02329700462916135 2.1811940436151806e-37 
1.165 232 0 1 0.023309253976627902 4.523051229994147e-36 
1.165 232 0 2 0.02330931209736001 1.6193486216944643e-36 
1.165 232 0 3 0.023309314638337776 1.049965541131011e-36 
1.165 232 0 4 0.023309312286771286 1.5161075425509876e-36 
1.165 232 0 5 0.023309317626614014 1.1904568104634111e-36 
1.170 233 0 0 0.023309315119681217 5.637545759016156e-37 
1.170 233 0 1 0.023321491321723124 1.6744947160985666e-36 
1.170 233 0 2 0.023321515735416385 1.960938776291716e-36 
1.170 233 0 3 0.023321519438752044 2.498670582706424e-36 
1.170 233 0 4 0.023321517954479287 1.7098403510978817e-36 
1.170 233 0 5 0.02332152222388423 1.050397813681286e-36 
1.175 234 0 0 0.023321524852929237 2.1708743060338097e-36 
1.175 234 0 1 0.023333564512615243 1.8825649827507198e-36 
1.175 234 0 2 0.02333362580984435 2.5499395420986566e-36 
1.175 234 0 3 0.023333625030780347 2.0971237321289813e-36 
1.175 234 0 4 0.02333362090105293 8.221607769953833e-37 
1.175 234 0 5 0.023333628667164024 2.3779302228651116e-36 
1.180 235 0 0 0.0233336276370558 2.596354284832998e-37 
1.180 235 0 1 0.023345560511230205 1.96308861476452e-36 
1.180 235 0 2 0.023345616684430942 4.041801661674468e-36 
1.180 235 0 3 0.02334561981718603 2.3576963698712788e-36 
1.180 235 0 4 0.023345617036037523 1.7810516485618174e-36 
1.180 235 0 5 0.02334561704815177 2.3937235516020906e-36 
1.185 236 0 0 0.023345622569040665 4.441295426000512e-37 
1.185 236 0 1 0.023357469205896087 3.350840222367261e-36 
1.185 236 0 2 0.023357511166329215 3.1795475607995364e-36 
1.185 236 0 3 0.02335750989059791 3.517899348276896e-36 
1.185 236 0 4 0.023357513367900963 1.4579024472304276e-36 
1.185 236 0 5 0.023357510465408505 1.3056195988427529e-36 
1.190 237 0 0 0.02335751099744778 6.610697322515212e-37 
1.190 237 0 1 0.02336920837386213 1.85513776027206e-36 
1.190 237 0 2 0.023369287333488326 8.452204099996599e-37 
1.190 237 0 3 0.023369295649445933 1.2380211402899272e-36 
1.190 237 0 4 0.023369293622976867 2.9882926066699744e-36 
1.190 237 0 5 0.023369291329246193 1.3775507377226182e-36 
1.195 238 0 0 0.02336929374787525 1.615022048707828e-36 
1.195 238 0 1 0.02338093748636063 1.4770642732678892e-36 
1.195 238 0 2 0.023380971869053892 2.8840586459073915e-36 
1.195 238 0 3 0.023380966710086954 1.1210740169188284e-36 
1.195 238 0 4 0.023380966484909588 1.428095550910039e-36 
1.195 238 0 5 0.02338096871507377 2.1344597490462486e-36 
1.200 239 0 0 0.02338097329068338 2.9429763692191886e-37 
1.200 239 0 1 0.0233924760490456 1.7524736349427034e-36 
1.200 239 0 2 0.023392539100741974 1.5695034263835356e-36 
1.200 239 0 3 0.02339253905273078 1.3444123832227565e-36 
1.200 239 0 4 0.023392539595914575 1.404800544605307e-36 
1.200 239 0 5 0.02339254314350794 1.8368978540994718e-36 
1.205 240 0 0 0.023392542637334545 1.0262563288777274e-36 
1.205 240 0 1 0.023403971710031755 1.49509196680104e-36 
1.205 240 0 2 0.023404006215123747 1.1180886009873289e-36 
1.205 240 0 3 0.02340400549285131 1.293718696086486e-36 
1.205 240 0 4 0.02340400513731497 1.2836128902941822e-36 
1.205 240 0 5 0.023404007182611236 1.6760934519113206e-36 
1.210 241 0 0 0.023404014500918523 2.2971956944375638e-37 
1.210 241 0 1 0.023415328216217262 1.0711793165357526e-36 
1.210 241 0 2 0.023415377361740784 2.8540557471682015e-36 
1.210 241 0 3 0.02341537530786233 1.7229129187365273e-36 
1.210 241 0 4 0.023415378174136203 1.2272906020110645e-36 
1.210 241 0 5 0.02341537349418182 1.637756661261996e-36 
1.215 242 0 0 0.02341537778220414 9.5980964225112e-37 
1.215 242 0 1 0.023426577290519255 1.692390979046151e-36 
1.215 242 0 2 0.02342662843418897 8.12582352682725e-37 
1.215 242 0 3 0.023426633040380184 1.597184653827033e-36 
1.215 242 0 4 0.02342663366310699 7.780542688386601e-37 
1.215 242 0 5 0.023426632142989574 9.544978793534898e-37 
1.220 243 0 0 0.02342664112193439 1.3761096028811387e-36 
1.220 243 0 1 0.023437731128624236 2.5308234544430713e-36 
1.220 243 0 2 0.023437798358723953 1.0077010342004489e-36 
1.220 243 0 3 0.023437793665026106 2.7161193700375093e-36 
1.220 243 0 4 0.023437792414682038 1.8500584457024527e-36 
1.220 243 0 5 0.023437790588422762 8.729805137311168e-37 
1.225 244 0 0 0.02343779503815757 1.8346292766988384e-36 
1.225 244 0 1 0.02344879830195839 1.8147546927116393e-36 
1.225 244 0 2 0.02344884532971754 1.3964460255817775e-36 
1.225 244 0 3 0.02344884188542719 1.0287361608665704e-36 
1.225 244 0 4 0.023448842559571685 3.777738288564048e-36 
1.225 244 0 5 0.0234488445747452 1.8954481060473767e-36 
1.230 245 0 0 0.023448843529915234 7.600556373187938e-37 
1.230 245 0 1 0.023459756098436473 2.4538599276765717e-36 
1.230 245 0 2 0.02345978676030929 1.039503200167832e-36 
1.230 245 0 3 0.023459788553344144 3.4373586764737705e-36 
1.230 245 0 4 0.02345979066882053 2.9709245771915016e-36 
1.230 245 0 5 0.023459785147555437 1.750619604970524e-36 
1.235 246 0 0 0.02345979082739949 8.17919930678359e-37 
1.235 246 0 1 0.02347054131730504 2.789006127207718e-36 
1.235 246 0 2 0.023470635659655403 1.808737405001951e-36 
1.235 246 0 3 0.023470630710686703 1.0232247531128914e-36 
1.235 246 0 4 0.023470628828927143 1.0178284087787155e-36 
1.235 246 0 5 0.023470633963967195 9.528304574952081e-37 
1.240 247 0 0 0.02347063611982106 3.849510133395893e-37 
1.240 247 0 1 0.02348134910327906 2.3163116429581705e-36 
1.240 247 0 2 0.023481380064920607 8.081021660741369e-37 
1.240 247 0 3 0.023481373977737738 1.8914773530877028e-36 
1.240 247 0 4 0.02348137547507999 7.966332668188397e-37 
1.240 247 0 5 0.023481375743177706 8.514176020113918e-37 
1.245 248 0 0 0.02348137954249492 3.531220977128135e-37 
1.245 248 0 1 0.023491966653129654 1.0437300880660094e-36 
1.245 248 0 2 0.023492015951454656 1.722457205265541e-36 
1.245 248 0 3 0.023492019926773428 1.3024829659913712e-36 
1.245 248 0 4 0.023492016645342267 2.2663310710052013e-36 
1.245 248 0 5 0.02349201744091604 2.1335156326137002e-36 
1.250 249 0 0 0.02349201583260829 9.03475383239025e-37 
1.250 249 0 1 0.023502526714489422 2.28237647652033e-36 
1.250 249 0 2 0.02350255013081335 1.639628000072806e-36 
1.250 249 0 3 0.023502553091925924 3.275175676856415e-36 
1.250 249 0 4 0.023502545356908582 1.1616535128927849e-36 
1.250 249 0 5 0.023502549163380272 1.0485198607417242e-36 
1.255 250 0 0 0.02350255353703786 1.958584974473004e-36 
