-1 0 6.501884761416838 1.0126811102426405 0 0 
0 0.005 6.472283548092897 1.012974190878184 2.958724133632451e-12 
1 0.010 6.4433883569440225 1.0132596207404956 1.6935024427019762e-13 
2 0.015 6.415231345554493 1.0135487793250693 3.5246159226106945e-13 
3 0.020 6.387754250694262 1.0138384401735796 4.721871202759887e-13 
4 0.025 6.36093254768757 1.0141302737203235 1.522495532762354e-12 
5 0.030 6.334715051829543 1.01442132975993 9.39349393380644e-13 
6 0.035 6.309050149623831 1.014708191399941 3.8042656166143595e-14 
7 0.040 6.283966975153157 1.0150001120633263 1.1820601109722273e-12 
8 0.045 6.2593838613560076 1.015288243974614 3.0116583972371397e-16 
9 0.050 6.235343851795063 1.0155836390242396 3.3744920929496437e-12 
10 0.055 6.2117579920007895 1.015875702160898 7.73604985577269e-13 
11 0.060 6.188626427146437 1.016168070689168 7.451062411236983e-13 
12 0.065 6.165890159654219 1.0164544841379477 5.796988789422014e-13 
13 0.070 6.14361189213687 1.016748532239279 1.1962315056727831e-12 
14 0.075 6.121703633358377 1.0170388020194403 5.421961685300286e-16 
15 0.080 6.100151683861973 1.0173259253713638 7.925197281975714e-13 
16 0.085 6.079024977798873 1.017624221002694 3.2833431425103043e-12 
17 0.090 6.058234211214777 1.0179214872061004 1.9836910461402095e-12 
18 0.095 6.03773695578378 1.0182131054821193 2.0638182823132134e-14 
19 0.100 6.017570628092094 1.0185077742937165 2.2697771821488758e-13 
20 0.105 5.997732375350346 1.0188073559260276 2.338110151732134e-12 
21 0.110 5.978157689853582 1.0191031117643872 1.823942429352653e-13 
22 0.115 5.958862710471124 1.0193998649733713 2.520448762718441e-13 
23 0.120 5.939806187270448 1.0196925512477992 4.3049998858062e-13 
24 0.125 5.921027274161384 1.0199897880585176 8.055342765866179e-14 
25 0.130 5.902469236406072 1.0202836436653515 5.173263515796079e-13 
26 0.135 5.884167706757708 1.0205820090555462 3.366443067452787e-14 
27 0.140 5.8661164846404645 1.0208855178321026 1.4638622596893662e-12 
28 0.145 5.848230102925595 1.0211808897021513 8.812269817218497e-13 
29 0.150 5.830553144886948 1.021477374343739 7.57663857128301e-13 
30 0.155 5.8131054801936575 1.021779928530526 1.1656504309320695e-13 
31 0.160 5.795844835178347 1.0220825456083866 1.8152546932595965e-14 
32 0.165 5.778785491054964 1.0223890792694998 6.712811056161805e-13 
33 0.170 5.761887953846252 1.0226938253602396 2.641800186950811e-14 
34 0.175 5.745190510339706 1.0230047955773658 1.8771944276329815e-12 
35 0.180 5.728607207081616 1.0233078538075777 5.193008045484358e-13 
36 0.185 5.71221641984753 1.0236180762814557 4.692606977295293e-13 
37 0.190 5.696015541121047 1.0239361208970128 4.877574139926877e-12 
38 0.195 5.679895492041684 1.0242434031350436 2.741280981683129e-13 
39 0.200 5.663945824022495 1.0245569880346668 4.1251742951070597e-13 
40 0.205 5.6481201796253755 1.0248694479490232 1.1682944376908145e-14 
41 0.210 5.632446311503446 1.0251867081795305 8.238139492184696e-13 
42 0.215 5.616890621210521 1.0255035246081856 2.5464742187294917e-13 
43 0.220 5.601415002112601 1.0258137229950663 1.620302176975203e-12 
44 0.225 5.586092770438176 1.0261314836773467 1.7824253212187432e-14 
45 0.230 5.570892850248054 1.0264518897208514 1.692803114509347e-13 
46 0.235 5.555801651232712 1.026773160672975 8.591686361734954e-14 
47 0.240 5.540830052362502 1.0270979971285568 5.830106932075973e-13 
48 0.245 5.525932202449393 1.0274185529149369 2.5300479052800173e-13 
49 0.250 5.511152308255057 1.0277436516009668 2.8462915540653494e-14 
50 0.255 5.496485138502877 1.0280729469674874 5.668092453635253e-13 
51 0.260 5.481889814519117 1.0283993732096546 4.1971786520010864e-14 
52 0.265 5.467413609962974 1.0287323402364026 7.558893023528308e-13 
53 0.270 5.452994174125705 1.0290606569208989 2.324915118012809e-13 
54 0.275 5.438664931291989 1.0293911026694773 1.3652831495343422e-13 
55 0.280 5.424422783838685 1.029723581323236 7.797191733268814e-14 
56 0.285 5.410280217191599 1.0300609402373033 1.692907517265078e-13 
57 0.290 5.39620613419812 1.0303977169496321 6.074774573468899e-15 
58 0.295 5.382207882453777 1.0307357269069688 3.599743101404921e-14 
59 0.300 5.368273183294007 1.0310730180303966 5.013389059521542e-13 
60 0.305 5.354418708230359 1.0314131735804235 2.1756460928591256e-13 
61 0.310 5.340642152787273 1.031756135074083 6.545483313087808e-14 
62 0.315 5.326938607192507 1.0321013215098986 2.7111054644885842e-14 
63 0.320 5.313319850626057 1.0324513717211867 2.2327951017833844e-13 
64 0.325 5.299745936474363 1.032798859409834 2.1007761306752119e-13 
65 0.330 5.286228346560524 1.0331463084477481 7.395197358504751e-13 
66 0.335 5.272815893051646 1.033503574982874 6.226577057687568e-13 
67 0.340 5.259443320722546 1.0338581930804425 2.93022887562687e-14 
68 0.345 5.246115991373712 1.0342114608123263 7.265048394796243e-13 
69 0.350 5.2328942071387905 1.0345755411323705 9.417516130213318e-13 
70 0.355 5.2196919398311366 1.0349337116391102 4.4629908404600315e-13 
71 0.360 5.20656850980756 1.035297947516426 2.7933883793632657e-14 
72 0.365 5.1935168703131245 1.0356671164661782 5.606351979270236e-13 
73 0.370 5.180501398290494 1.0360343476176717 5.979165967686732e-15 
74 0.375 5.167552806464988 1.0364059855218077 1.584621982156781e-13 
75 0.380 5.154666170132364 1.0367812701905146 4.966891594186582e-13 
76 0.385 5.141806031699579 1.0371532648841264 1.603295435474326e-13 
77 0.390 5.128998816594923 1.0375274628235178 1.5363674387779004e-13 
78 0.395 5.116244316876198 1.0379040090181888 1.272704290919604e-13 
79 0.400 5.103549523025481 1.038284506613745 1.6853431043308837e-16 
80 0.405 5.090905214390852 1.0386672619363555 8.846544021645174e-17 
81 0.410 5.078300903801486 1.0390502954402034 1.587221052173921e-13 
82 0.415 5.065740097640366 1.0394344693374178 3.9079003291808373e-13 
83 0.420 5.053246957265484 1.0398248993333439 2.5932791889664835e-14 
84 0.425 5.040794819874657 1.0402162650100972 1.3319346525192523e-14 
85 0.430 5.028385518153122 1.0406090760795987 8.75630460599789e-14 
86 0.435 5.01601961691798 1.0410035791425059 1.7645073910848983e-13 
87 0.440 5.003704770426651 1.0414014935438822 4.803384939440644e-14 
88 0.445 4.991408651107857 1.04179620793274 1.7218248226832353e-12 
89 0.450 4.9791802940496215 1.0421980607104442 1.4779999471429255e-13 
90 0.455 4.96701194286618 1.0426055823136655 5.816857096113024e-14 
91 0.460 4.954866849283486 1.0430111786693814 3.823613092166203e-13 
92 0.465 4.942802205618975 1.043426995644552 7.754843826490804e-13 
93 0.470 4.930738651895768 1.04383640491456 7.059859351071636e-13 
94 0.475 4.918727278410886 1.0442502794952557 2.1376310651280525e-13 
95 0.480 4.906752149599319 1.0446653423481105 5.283656486014e-13 
96 0.485 4.894820572544902 1.0450832378526276 4.424290084512821e-13 
97 0.490 4.882942936093796 1.0455062853715948 3.132063047502903e-14 
98 0.495 4.871111692708808 1.045932975807774 4.173885191908461e-16 
99 0.500 4.8592995453996615 1.0463575268410843 7.827721495141215e-13 
100 0.505 4.847541095603421 1.0467874537831294 1.2846270875214455e-13 
101 0.510 4.835812271479865 1.0472176484869204 6.646939202074205e-13 
102 0.515 4.824128707970257 1.0476515648965206 3.774877825120717e-13 
103 0.520 4.812491282934311 1.0480894796344498 1.3619128318629424e-13 
104 0.525 4.8008976126620855 1.0485309574321124 4.528394509356161e-14 
105 0.530 4.789337101853304 1.0489737569651176 2.28844604043994e-13 
106 0.535 4.777813746015907 1.0494188137994487 3.253842140030699e-13 
107 0.540 4.766330615669016 1.0498668681278525 2.8213312014626413e-13 
108 0.545 4.754887210198848 1.0503178775175934 2.536756476535727e-13 
109 0.550 4.743480564835329 1.0507712510675782 3.4247844419970886e-13 
110 0.555 4.732108782568319 1.051226626335466 5.399894905137143e-13 
111 0.560 4.720762578870488 1.0516819890703528 1.5936919517795932e-12 
112 0.565 4.709465407575498 1.052142614423642 6.724082926932074e-13 
113 0.570 4.698217675341179 1.0526086722029833 1.2428103453231277e-13 
114 0.575 4.6870034981184086 1.0530766721326261 2.8226849579840303e-13 
115 0.580 4.675828634715947 1.0535479590855088 2.1687634881586207e-13 
116 0.585 4.664702715949062 1.054024766603649 9.52219799717692e-16 
117 0.590 4.653602425696478 1.0545018863426041 2.2853088318873424e-13 
118 0.595 4.642533195418647 1.054980581929607 5.36522378727342e-13 
119 0.600 4.63150405783904 1.0554629507876827 3.693407780293268e-13 
120 0.605 4.62051209091719 1.0559483808442758 3.621429278592773e-13 
121 0.610 4.609545719343775 1.056434268600002 1.1237871742492237e-12 
122 0.615 4.5986256110878365 1.0569253904096703 4.559997885154296e-13 
123 0.620 4.587742517320199 1.057419680416009 4.3933713017701996e-13 
124 0.625 4.576888938307578 1.057915452374917 8.863170549706914e-13 
125 0.630 4.566066908530078 1.0584132098478904 1.2970965811219325e-12 
126 0.635 4.555294699276953 1.0589172355741363 3.4175386329998043e-13 
127 0.640 4.544570337891271 1.0594271408201295 1.2596745007752887e-14 
128 0.645 4.533868691154698 1.0599371168397573 4.227769638722497e-13 
129 0.650 4.523213574570841 1.0604527636818066 4.642040175848123e-14 
130 0.655 4.5125748091895765 1.060967049567034 1.0298055435209304e-12 
131 0.660 4.501974111993657 1.061485097927012 8.493559398300977e-13 
132 0.665 4.491425304144558 1.062010222930667 6.462135615203802e-14 
133 0.670 4.480899727317843 1.0625357027195688 5.779252996808263e-13 
134 0.675 4.470398683446441 1.0630618625944992 1.465542820544175e-12 
135 0.680 4.459951067192449 1.0635956112371843 2.2034247456731e-13 
136 0.685 4.4495329204530965 1.0641312954039157 5.027778733330325e-13 
137 0.690 4.439150919606982 1.0646705439177084 4.436644104565979e-13 
138 0.695 4.428798804710719 1.065211892172906 7.745946161551767e-13 
139 0.700 4.418493756396027 1.0657595122559964 1.510892937589589e-13 
140 0.705 4.408222793599341 1.0663103274320598 1.7733769784955527e-13 
141 0.710 4.397965459780023 1.066859411837994 1.686999680659687e-12 
142 0.715 4.387754211682385 1.0674146552554182 6.921144312644544e-13 
143 0.720 4.377579131121868 1.067973699153243 5.937388536265566e-13 
144 0.725 4.367440021660502 1.0685365360329597 5.158178409519641e-13 
145 0.730 4.35733944590111 1.0691038347866193 2.98790097748331e-13 
146 0.735 4.347254314003426 1.0696699595289725 1.79727010757075e-12 
147 0.740 4.337224163000685 1.070244663313083 2.363040737650225e-13 
148 0.745 4.327220008903285 1.0708208539214843 6.963953763740125e-13 
149 0.750 4.317250700479196 1.0714007464589475 6.484702478903566e-13 
150 0.755 4.307318117611435 1.0719848466372819 4.894774062377603e-13 
151 0.760 4.297409786200424 1.072570083025365 1.2168620238730218e-12 
152 0.765 4.28754682103298 1.073161755966764 4.1105195842201263e-13 
153 0.770 4.277714698320712 1.0737562803839718 5.997848439069271e-13 
154 0.775 4.267916858950302 1.0743545520247741 5.716247567195256e-13 
155 0.780 4.25814635037616 1.0749548527970738 1.0477240629287912e-12 
156 0.785 4.248416574142399 1.0755605976695652 5.421410045129476e-13 
157 0.790 4.238719049364603 1.0761696846592979 6.315807535157691e-13 
158 0.795 4.22905129546233 1.0767815151730324 9.225291654996853e-13 
159 0.800 4.219421489974484 1.0773982049902513 5.992322839329526e-13 
160 0.805 4.209836369395191 1.078021524832356 9.787532804184615e-14 
161 0.810 4.200275751150417 1.0786463524283447 4.655084913680678e-13 
162 0.815 4.190739839312489 1.0792727568990683 1.0789016112045248e-12 
163 0.820 4.181230755428659 1.079901303248806 1.7131884494515134e-12 
164 0.825 4.17177062585657 1.0805377442880026 4.263596265750963e-13 
165 0.830 4.1623354693492045 1.0811759219028565 9.890760230633143e-13 
166 0.835 4.152943646590383 1.0818206369931616 3.2754483410349053e-13 
167 0.840 4.143574242415521 1.08246648483617 1.0213934327422925e-12 
168 0.845 4.134240017078018 1.0831168210603235 8.462714628538713e-13 
169 0.850 4.124932926761008 1.0837695736219455 1.3415729301932477e-12 
170 0.855 4.115672481142021 1.0844299065478373 3.4606938037088963e-13 
171 0.860 4.1064456128987805 1.0850944346304643 3.0403329067943105e-13 
172 0.865 4.0972390124568046 1.085759669353107 1.1400594442811495e-12 
173 0.870 4.088062850443818 1.0864283220731241 1.3461485034429862e-12 
174 0.875 4.0789306748313665 1.08710403527503 4.619105709729331e-13 
175 0.880 4.06982306507452 1.0877816811739687 1.0254786029757285e-12 
176 0.885 4.060748629449554 1.0884635859256575 9.663793998392776e-13 
177 0.890 4.0517071054606335 1.0891497176741658 9.350529101080415e-13 
178 0.895 4.042702627956156 1.0898412294604787 5.787163605556139e-13 
179 0.900 4.033725764822735 1.090535619467283 9.082628138905612e-13 
180 0.905 4.024781630714503 1.0912343010303374 8.66776252037517e-13 
181 0.910 4.015871326964965 1.0919376123274116 7.334533792039562e-13 
182 0.915 4.006989003687446 1.092643999748672 1.052906776114995e-12 
183 0.920 3.9981424186730607 1.0933556129274065 7.617935283044566e-13 
184 0.925 3.9893280156718616 1.094071523157185 7.35845592544731e-13 
185 0.930 3.980535977248637 1.094789068826971 1.5717696704298527e-12 
186 0.935 3.9717907294135637 1.0955150028087817 3.8795662396066136e-13 
187 0.940 3.963068410148022 1.0962427981980216 9.924611341871403e-13 
188 0.945 3.9543720434549963 1.0969733112765958 1.5191524544304406e-12 
189 0.950 3.9457047309884237 1.0977074297097231 1.784401691669203e-12 
190 0.955 3.9370807375858274 1.0984491658039595 7.032409855230721e-13 
191 0.960 3.928473754131804 1.099191225138518 2.0878423634828976e-12 
192 0.965 3.919913578241582 1.0999419730469098 6.251656049574855e-13 
193 0.970 3.9113742483931087 1.1006941797900203 1.5219361253049266e-12 
194 0.975 3.9028765684705573 1.1014537302476066 6.224510940255173e-13 
195 0.980 3.8944019462093817 1.1022154267082793 1.2835403212692664e-12 
196 0.985 3.8859580947618806 1.1029814779817928 1.3173263255005773e-12 
197 0.990 3.877554767124872 1.1037546988377522 5.593426349703013e-13 
198 0.995 3.8691764002388793 1.104530709259328 9.9494675173425e-13 
199 1.000 nan nan 1.011870835855888e-12 
200 1.005 nan nan 5.068574517431861e-13 
201 1.010 nan nan 7.51345151743311e-13 
202 1.015 nan nan 9.104595017983555e-13 
203 1.020 nan nan 7.61935925718495e-13 
204 1.025 nan nan 9.644185805656296e-13 
205 1.030 nan nan 9.585276308963763e-13 
206 1.035 nan nan 1.3502348775200481e-12 
207 1.040 nan nan 1.296727113469304e-12 
208 1.045 nan nan 9.710592769053093e-13 
209 1.050 nan nan 1.3572162198581116e-12 
210 1.055 nan nan 1.2555768274159338e-12 
211 1.060 nan nan 1.575027453115457e-12 
212 1.065 nan nan 8.500316442403693e-13 
213 1.070 nan nan 6.662090865314621e-13 
214 1.075 nan nan 7.027655158908043e-13 
215 1.080 nan nan 1.1201220793133247e-12 
216 1.085 nan nan 6.458570300519062e-13 
217 1.090 nan nan 9.803438769566522e-13 
218 1.095 nan nan 1.0876565653646101e-12 
219 1.100 nan nan 1.5606678327557977e-12 
220 1.105 nan nan 1.120697148476122e-12 
221 1.110 nan nan 8.76840241767586e-13 
222 1.115 nan nan 1.5812696548391782e-12 
223 1.120 nan nan 1.2464048320546284e-12 
224 1.125 nan nan 8.300088057223324e-13 
225 1.130 nan nan 4.506855978033699e-13 
226 1.135 nan nan 1.5504298490396544e-12 
227 1.140 nan nan 6.834165837652797e-13 
228 1.145 nan nan 1.594021699617907e-12 
229 1.150 nan nan 1.334090355834351e-12 
230 1.155 nan nan 8.217921416217677e-13 
231 1.160 nan nan 2.0785516469984564e-12 
232 1.165 nan nan 6.908893724542137e-13 
233 1.170 nan nan 1.485988694292303e-12 
234 1.175 nan nan 8.456141916334923e-13 
235 1.180 nan nan 1.3953145513007266e-12 
236 1.185 nan nan 1.043655924061233e-12 
237 1.190 nan nan 2.0523542602221036e-12 
238 1.195 nan nan 1.3236529281967546e-12 
239 1.200 nan nan 1.2090259618773417e-12 
240 1.205 nan nan 9.512768247572513e-13 
241 1.210 nan nan 1.5076362150876702e-12 
242 1.215 nan nan 1.1923310582546278e-12 
243 1.220 nan nan 1.2852552688933503e-12 
244 1.225 nan nan 1.886056869989265e-12 
245 1.230 nan nan 1.8172135297218098e-12 
246 1.235 nan nan 1.5726867802175996e-12 
247 1.240 nan nan 1.494440850676222e-12 
248 1.245 nan nan 1.775118691864912e-12 
249 1.250 nan nan 1.641721998118567e-12 
