0.05 0 0 0 0.016809197626080238 1.243126754436046e-34 
0.05 0 0 1 0.017302055289579173 3.6415719936278554e-33 
0.05 0 0 2 0.01728958567215133 1.3034488968518977e-33 
0.05 0 0 3 0.017287064294209075 7.53294065218362e-34 
0.05 0 0 4 0.017287249331003816 1.6623851096438997e-33 
0.05 0 0 5 0.017287100615164735 9.630279598645455e-34 
0.10 1 0 0 0.01728652313111212 1.3610675192383782e-34 
0.10 1 0 1 0.017743820333749695 5.754560273997285e-34 
0.10 1 0 2 0.017743908549949335 9.281983951533545e-34 
0.10 1 0 3 0.01774258602656318 7.773866943756781e-34 
0.10 1 0 4 0.017742065761607716 4.695439634317663e-34 
0.10 1 0 5 0.01774294361625671 6.884434768131239e-34 
0.15 2 0 0 0.01774318236590913 4.336285122158306e-34 
0.15 2 0 1 0.0181744017077563 3.239397848110596e-34 
0.15 2 0 2 0.018180647471987655 4.754990196784405e-34 
0.15 2 0 3 0.018178886981981127 5.768764556283818e-34 
0.15 2 0 4 0.018178453406406715 6.588997953740205e-34 
0.15 2 0 5 0.0181784943487415 3.23283260349301e-34 
0.20 3 0 0 0.018179492749443964 7.042291205042232e-34 
0.20 3 0 1 0.018601526131599336 1.000199241479593e-33 
0.20 3 0 2 0.018596328837783276 4.451116326217671e-34 
0.20 3 0 3 0.018594569055145335 4.689292123156959e-34 
0.20 3 0 4 0.01859547742929943 5.0823415321326516e-34 
0.20 3 0 5 0.018595838570378796 4.283468454062874e-34 
0.25 4 0 0 0.018595961832047328 2.3879399402554505e-34 
0.25 4 0 1 0.018982796204691246 8.551870979296509e-34 
0.25 4 0 2 0.018994522593669644 6.373181739656154e-34 
0.25 4 0 3 0.01899176518639099 2.7208340071074365e-34 
0.25 4 0 4 0.018992316206826093 3.6310945880559837e-34 
0.25 4 0 5 0.018992524217862926 4.115361985573783e-34 
0.30 5 0 0 0.018993273053568432 1.583331116770327e-34 
0.30 5 0 1 0.01936976547304728 4.517637131096324e-34 
0.30 5 0 2 0.01937034398619572 2.0269805586128305e-34 
0.30 5 0 3 0.01937087513246755 5.678430254803492e-34 
0.30 5 0 4 0.01937144934729783 1.694498754350588e-34 
0.30 5 0 5 0.019370861572959124 3.376894738251255e-34 
0.35 6 0 0 0.01937153965082518 1.4251831595225856e-33 
0.35 6 0 1 0.01972553101503527 7.410856380301109e-34 
0.35 6 0 2 0.019732435436618356 5.0051510568962715e-34 
0.35 6 0 3 0.01973105556733775 5.34745397870639e-34 
0.35 6 0 4 0.019731347483926145 7.857303739408015e-34 
0.35 6 0 5 0.01973053886811033 3.5680856801701345e-34 
0.40 7 0 0 0.01973107438040594 9.837385166397033e-35 
0.40 7 0 1 0.02006781868397378 7.42223847169493e-34 
0.40 7 0 2 0.02007340955897919 5.045980314927523e-34 
0.40 7 0 3 0.020072728718967335 4.1004943927176555e-34 
0.40 7 0 4 0.020072753182814776 1.0681179928269604e-34 
0.40 7 0 5 0.02007259296740071 3.1995812877455503e-34 
0.45 8 0 0 0.02007335942036101 3.178634937900121e-34 
0.45 8 0 1 0.020395206792926463 5.641992225815404e-34 
0.45 8 0 2 0.020397802289303348 3.1884742436627212e-34 
0.45 8 0 3 0.02039739508804175 8.591784178253584e-34 
0.45 8 0 4 0.020397859340275354 3.7298573504835424e-34 
0.45 8 0 5 0.020397696482398538 5.897547452749054e-34 
0.50 9 0 0 0.02039844812738892 1.5152483713249513e-34 
0.50 9 0 1 0.020710611045343556 3.871660999278577e-34 
0.50 9 0 2 0.02070665009261784 3.234413573083315e-34 
0.50 9 0 3 0.020706502145268313 1.060519615710344e-33 
0.50 9 0 4 0.020705995974949952 2.997354015075884e-34 
0.50 9 0 5 0.020705706163971258 4.69799587535322e-34 
0.55 10 0 0 0.02070703492490359 1.398953901641618e-34 
0.55 10 0 1 0.02099612141729914 8.527216477614822e-34 
0.55 10 0 2 0.020999049908164265 3.6081881750436653e-34 
0.55 10 0 3 0.02099846292661573 1.7038790615169057e-34 
0.55 10 0 4 0.02099849331292294 6.510857956870737e-34 
0.55 10 0 5 0.02099887716935186 5.145421167699838e-34 
0.60 11 0 0 0.020999805934780475 2.689398081816196e-34 
0.60 11 0 1 0.02126990683771187 2.495351346540052e-34 
0.60 11 0 2 0.021275276501134918 3.4281051955625756e-34 
0.60 11 0 3 0.021275678537246868 4.022475546956634e-34 
0.60 11 0 4 0.02127629276787021 3.2352364191288904e-34 
0.60 11 0 5 0.021275975305448464 5.393393078538243e-34 
0.65 12 0 0 0.02127707034753533 5.456092834479229e-35 
0.65 12 0 1 0.021527430748786363 5.7789650979237895e-34 
0.65 12 0 2 0.021537512478566213 4.81632407544287e-34 
0.65 12 0 3 0.02153775927837997 2.664808499938182e-34 
0.65 12 0 4 0.021538961699397542 6.301679196319391e-34 
0.65 12 0 5 0.02153768440851681 4.3319634648964684e-34 
0.70 13 0 0 0.021538503783657764 1.642820148349369e-34 
0.70 13 0 1 0.021777635593445855 6.3491980962739015e-34 
0.70 13 0 2 0.021784575651961735 3.000476881122736e-34 
0.70 13 0 3 0.021785120503928466 4.168892551901166e-34 
0.70 13 0 4 0.02178450443474021 6.275241593685429e-34 
0.70 13 0 5 0.021784604539648502 1.7650901747710918e-34 
0.75 14 0 0 0.021785816605913465 1.1316159424422629e-34 
0.75 14 0 1 0.02200688879754411 8.757804847385482e-34 
0.75 14 0 2 0.022018522977453946 2.723833010028846e-34 
0.75 14 0 3 0.022017752432276032 2.0997042844597528e-34 
0.75 14 0 4 0.02201868168517788 4.652676894709174e-34 
0.75 14 0 5 0.022017943561847674 4.116658817573904e-34 
0.80 15 0 0 0.022018534282446996 6.175588530179442e-35 
0.80 15 0 1 0.022232317021513362 7.5913604255320835e-34 
0.80 15 0 2 0.02223686540221626 4.459968830393765e-34 
0.80 15 0 3 0.022236706857833757 3.0737726273163518e-34 
0.80 15 0 4 0.0222373776711985 3.65519784717198e-34 
0.80 15 0 5 0.022236554502730235 1.6702071176730977e-34 
0.85 16 0 0 0.022237590824786616 2.5324314403180723e-34 
0.85 16 0 1 0.022435284664779696 5.508979989067575e-34 
0.85 16 0 2 0.02244273384988567 8.706916962254416e-34 
0.85 16 0 3 0.022442747265059546 2.968184765608702e-34 
0.85 16 0 4 0.022443570133030014 6.810763299963967e-34 
0.85 16 0 5 0.02244287277528002 6.1042250735625384e-34 
0.90 17 0 0 0.022443261674215717 1.6758877787924395e-34 
0.90 17 0 1 0.02262908466586312 1.093085584673922e-33 
0.90 17 0 2 0.0226358285861926 3.2507451385425703e-34 
0.90 17 0 3 0.022635458874018688 3.0413188813290797e-34 
0.90 17 0 4 0.02263545683298179 4.166676102201393e-34 
0.90 17 0 5 0.022635600084112216 6.35413149912751e-34 
0.95 18 0 0 0.022636231302606318 1.7425990179494333e-34 
0.95 18 0 1 0.02281370204103011 3.6487734950382476e-34 
0.95 18 0 2 0.02281595025133027 3.4631849775624863e-34 
0.95 18 0 3 0.02281546235417246 2.166498995880344e-34 
0.95 18 0 4 0.022815621004654604 4.347388614008645e-34 
0.95 18 0 5 0.022815676452119432 7.850019692235874e-34 
1.00 19 0 0 0.022816676480017093 2.3889976822841932e-34 
1.00 19 0 1 0.0229780858021628 6.149286455639859e-34 
1.00 19 0 2 0.022984179781035858 2.1597421992505203e-34 
1.00 19 0 3 0.022983872584161173 4.208377223474295e-34 
1.00 19 0 4 0.022984195590806042 2.3698204884867323e-34 
1.00 19 0 5 0.022984047760411217 4.407241021097174e-34 
