0.2 0 0 0 0.00018390699821708932 1.680860450822531e-33 
0.2 0 0 1 0.00019549968261141658 6.235487246542203e-32 
0.2 0 0 2 0.00018865505899002448 1.830665710534154e-32 
0.2 0 0 3 0.00018822289904465704 2.2649539027659072e-32 
0.4 1 0 0 0.00020165511937367896 6.472183033678263e-33 
0.4 1 0 1 0.0003065975653396545 2.1835877808212666e-31 
0.4 1 0 2 0.00027613089877129185 2.9729730683783795e-32 
0.4 1 0 3 0.000203700838824651 9.763582766976233e-33 
0.6 2 0 0 0.00021571155791667978 1.5381368918967495e-31 
0.6 2 0 1 0.0009746051610011396 2.960621145420946e-29 
0.6 2 0 2 0.735430181301525 8.545615978613519e-29 
0.6 2 0 3 0.005197172328219114 2.1426010598115927e-30 
0.8 3 0 0 0.00028001706563015054 1.6289211697680625e-31 
0.8 3 0 1 0.0009782605567718494 1.711421168674149e-29 
0.8 3 0 2 0.3221931944588828 1.9637323380769118e-29 
0.8 3 0 3 0.0028985336105923397 8.828013670949602e-30 
1.0 4 0 0 0.00035366199705804714 1.867746175167161e-30 
1.0 4 0 1 0.06090138575104223 4.1512602539127606e-29 
1.0 4 0 2 0.07845627699111651 8.596467111913706e-30 
1.0 4 0 3 0.04987897063735235 8.936889711674554e-30 
