0.01 0 0 0 0.01680824813132864 1.9401813021617056e-19 
0.01 0 0 1 13168304389.970655 1884452315.3732767 
0.01 0 0 2 1270428561.4196143 1613820079.719397 
0.01 0 0 3 885905254.9637579 1697519984.7747927 
0.01 0 0 4 925635234.6021571 1440800873.4721684 
0.01 0 0 5 761189617.591911 1458666301.8878624 
0.02 1 0 0 30005416.915314768 49617975.022578724 
0.02 1 0 1 48562787.88631344 95816027.31698397 
0.02 1 0 2 71168598.32362553 138566306.81020272 
0.02 1 0 3 91861511.11648746 128479487.33055536 
0.02 1 0 4 79561468.26108564 154933272.27227688 
0.02 1 0 5 92338251.98279202 93439159.70882437 
0.03 2 0 0 6744284.068649006 13449395.042653034 
0.03 2 0 1 13443089.806601325 18700304.87441699 
0.03 2 0 2 13551217.453634206 20574170.81618237 
0.03 2 0 3 13390779.111850925 22853640.3869985 
0.03 2 0 4 14041939.528609462 22277249.343492486 
0.03 2 0 5 13097931.55021473 22603202.083086014 
0.04 3 0 0 1637038.5957267112 1920690.838591671 
0.04 3 0 1 1683203.2496690718 3115375.777249051 
0.04 3 0 2 2221983.4777216706 2771553.0383648975 
0.04 3 0 3 1701638.1800889128 3052420.5321792797 
0.04 3 0 4 1801385.8908924372 3437968.4709437406 
0.04 3 0 5 1974279.3025449137 3653535.276868947 
0.05 4 0 0 228295.58014915365 398419.80090816243 
0.05 4 0 1 391518.94361022 485396.9719894172 
0.05 4 0 2 346005.00942909974 627958.6753838902 
0.05 4 0 3 405393.623631063 723200.0746146898 
0.05 4 0 4 445383.4741794883 888090.0286551306 
0.05 4 0 5 527632.5340800043 1036730.4279008486 
0.06 5 0 0 83581.95386604225 158781.11698493295 
0.06 5 0 1 158175.2904515306 299820.5336417896 
0.06 5 0 2 222739.85950591066 318866.8365629178 
0.06 5 0 3 210126.86955275273 361414.04449010856 
0.06 5 0 4 222954.5746448476 445383.18205176597 
0.06 5 0 5 264917.39902663336 528937.1115116812 
0.07 6 0 0 42090.811441730664 40262.93085640762 
0.07 6 0 1 33093.42891896947 38887.76738662102 
0.07 6 0 2 22436.591096997043 43705.87953082697 
0.07 6 0 3 24673.768210297134 48277.54470301564 
0.07 6 0 4 26781.530365391493 52010.64307323289 
0.07 6 0 5 28393.71544541223 54498.446489722104 
0.08 7 0 0 2063.6209166050585 3743.4455840358414 
0.08 7 0 1 3706.145767626991 4660.221621385169 
0.08 7 0 2 3422.9480195964143 6503.649886265134 
0.08 7 0 3 4282.7097175113 8465.633292287013 
0.08 7 0 4 5251.690193417078 10499.971222214577 
0.08 7 0 5 6268.891700172952 11853.19167920406 
0.09 8 0 0 955.1093923898047 1891.5264806877647 
0.09 8 0 1 1889.6490108479056 3754.9153486533514 
0.09 8 0 2 2813.7448247356206 3075.22454223928 
0.09 8 0 3 1986.2763702192963 3716.819151973643 
0.09 8 0 4 2300.666627662816 3864.8778973631133 
0.09 8 0 5 2295.7994590160133 4487.58850011416 
0.10 9 0 0 355.1011303932656 703.5694257148912 
0.10 9 0 1 702.5740812013075 1364.9320938184524 
0.10 9 0 2 1021.5385054350922 1909.2922839299292 
0.10 9 0 3 1264.1581749668446 2320.627372049978 
0.10 9 0 4 1443.248862579288 2218.1355101493327 
0.10 9 0 5 1324.597285445474 2438.9460057226697 
