0.005 0 0 0 0.016808218459617653 1.1274157185392772e-36 
0.005 0 0 1 0.016855681177191346 9.184520687433768e-36 
0.005 0 0 2 0.016855535965707144 9.186786573212758e-36 
0.005 0 0 3 0.016855538203501188 7.031738191128129e-36 
0.005 0 0 4 0.016855537145377155 1.7554308728640325e-35 
0.005 0 0 5 0.016855486545624156 4.4829747076831845e-36 
0.010 1 0 0 0.016855526196368147 8.748879170598543e-37 
0.010 1 0 1 0.016902747439636934 1.1715887386405424e-35 
0.010 1 0 2 0.016902625077760802 1.3799326187495585e-35 
0.010 1 0 3 0.016902617717055195 2.185449531178615e-35 
0.010 1 0 4 0.016902643931482737 1.2605576634627317e-35 
0.010 1 0 5 0.016902626751773283 1.2385873623823713e-35 
0.015 2 0 0 0.016902639733338384 8.459698943081415e-37 
0.015 2 0 1 0.016949636937406153 1.061950835878672e-35 
0.015 2 0 2 0.016949555314773296 1.1602169010065095e-35 
0.015 2 0 3 0.01694954656799316 1.2646676088702306e-35 
0.015 2 0 4 0.01694954046943631 7.807090988442465e-36 
0.015 2 0 5 0.01694954807663967 4.096666089482048e-36 
0.020 3 0 0 0.016949556220634956 1.636168995882272e-36 
0.020 3 0 1 0.016996185247170698 1.774324757760686e-35 
0.020 3 0 2 0.016996235582438478 9.75879258041966e-36 
0.020 3 0 3 0.016996239257500326 5.215293601832787e-36 
0.020 3 0 4 0.016996246060990886 6.218258243019922e-36 
0.020 3 0 5 0.01699624931532243 8.580071436502146e-36 
0.025 4 0 0 0.01699626573565611 3.985031480216769e-36 
0.025 4 0 1 0.017042402741168736 1.0517089721505296e-35 
0.025 4 0 2 0.017042737062051144 7.375426324243967e-36 
0.025 4 0 3 0.017042764864734238 1.4193548076853307e-35 
0.025 4 0 4 0.01704278741479171 1.1299664195934739e-35 
0.025 4 0 5 0.017042780376744147 1.309096091133024e-35 
0.030 5 0 0 0.017042773571173855 3.8448940221171393e-36 
0.030 5 0 1 0.017089012027467328 5.783449521049999e-35 
0.030 5 0 2 0.01708907430843426 7.458977845545721e-36 
0.030 5 0 3 0.017089040868820998 6.848379356962604e-36 
0.030 5 0 4 0.01708906845645075 1.4488936207557305e-35 
0.030 5 0 5 0.017089079779144874 3.3990669543856555e-36 
0.035 6 0 0 0.017089082617102788 7.128725006526342e-36 
0.035 6 0 1 0.01713505914330176 1.0987251709805842e-35 
0.035 6 0 2 0.01713521186322868 7.989935130586588e-36 
0.035 6 0 3 0.01713518344626455 1.0353815553895197e-35 
0.035 6 0 4 0.01713518313297498 3.5872635746168275e-36 
0.035 6 0 5 0.017135178720680055 4.2658548387328403e-36 
0.040 7 0 0 0.01713517895306757 2.295881742879147e-36 
0.040 7 0 1 0.017180961679384096 5.05516052810773e-36 
0.040 7 0 2 0.017181079789191284 1.7170040262274697e-35 
0.040 7 0 3 0.017181092913128925 8.17134484757069e-36 
0.040 7 0 4 0.017181071534736067 1.2216207519623614e-35 
0.040 7 0 5 0.017181078329166117 7.089202643457704e-36 
0.045 8 0 0 0.017181071966622042 2.7887961781907872e-36 
0.045 8 0 1 0.017226609693025363 9.547359616441366e-36 
0.045 8 0 2 0.017226764218956466 7.584459566003401e-36 
0.045 8 0 3 0.01722676836831798 3.842170885982124e-36 
0.045 8 0 4 0.017226770968330935 8.347516900456118e-36 
0.045 8 0 5 0.0172267610176934 6.256338297573703e-36 
0.050 9 0 0 0.01722677636082491 3.494490568272736e-36 
0.050 9 0 1 0.017272183567342687 5.5895789755139296e-36 
0.050 9 0 2 0.017272271119646618 7.784127030492139e-36 
0.050 9 0 3 0.017272268624936225 5.751069161960135e-36 
0.050 9 0 4 0.017272277780168394 1.7241397656313932e-35 
0.050 9 0 5 0.017272278133039963 5.141653876550952e-36 
0.055 10 0 0 0.0172722682511174 5.118728180354544e-36 
0.055 10 0 1 0.017317635840203682 1.2417016394960886e-35 
0.055 10 0 2 0.01731756085157103 6.832357277461709e-36 
0.055 10 0 3 0.017317562948871733 8.062203556401623e-36 
0.055 10 0 4 0.017317567060152857 5.3374695415040556e-36 
0.055 10 0 5 0.017317567868843278 8.59771422627766e-36 
0.060 11 0 0 0.017317573839780956 1.0659280448218075e-36 
0.060 11 0 1 0.017362693717975417 5.394437671433799e-36 
0.060 11 0 2 0.017362669632287317 5.3151644909072363e-36 
0.060 11 0 3 0.01736268616588517 4.1987859897242184e-36 
0.060 11 0 4 0.017362675522858993 6.730761905655514e-36 
0.060 11 0 5 0.01736267620337936 2.9620000884253994e-36 
0.065 12 0 0 0.017362680089725517 9.462715759589161e-36 
0.065 12 0 1 0.017407540745153858 7.058914314234317e-36 
0.065 12 0 2 0.017407605802250963 5.072005531342186e-36 
0.065 12 0 3 0.017407584929193084 5.817630446651993e-36 
0.065 12 0 4 0.017407583814069077 5.501393884276281e-36 
0.065 12 0 5 0.017407584517649125 6.905448119740263e-36 
0.070 13 0 0 0.01740758081675034 3.9281828042373605e-36 
0.070 13 0 1 0.01745229382216193 9.328085223076153e-36 
0.070 13 0 2 0.017452286613848428 4.406921725040624e-36 
0.070 13 0 3 0.01745228351651082 3.155703424862991e-36 
0.070 13 0 4 0.017452275173912263 4.031126782970608e-36 
0.070 13 0 5 0.017452282526834506 3.3451833037810474e-36 
0.075 14 0 0 0.017452297672179984 2.4497804702146635e-36 
0.075 14 0 1 0.01749667269672001 3.67643713338342e-36 
0.075 14 0 2 0.017496803773154594 6.260185444798435e-36 
0.075 14 0 3 0.01749680870450316 1.0173936901218412e-35 
0.075 14 0 4 0.01749680369988834 4.8410151337504755e-36 
0.075 14 0 5 0.017496802828175655 6.571853157609125e-36 
0.080 15 0 0 0.017496807906096236 1.7039034805132917e-36 
0.080 15 0 1 0.017541069898745595 1.2032150242570359e-35 
0.080 15 0 2 0.01754112337586745 6.313733296646844e-36 
0.080 15 0 3 0.017541116358536748 3.9228641227542545e-36 
0.080 15 0 4 0.01754111016456289 6.915836920560035e-36 
0.080 15 0 5 0.01754111222205208 4.79056829935168e-36 
0.085 16 0 0 0.017541122804779485 1.9040880496433763e-36 
0.085 16 0 1 0.017585233601901756 8.192853203938603e-36 
0.085 16 0 2 0.017585245295175373 9.061818750940898e-36 
0.085 16 0 3 0.017585244148599133 6.898987562089953e-36 
0.085 16 0 4 0.017585227984065713 4.224295395124603e-36 
0.085 16 0 5 0.01758522679687989 6.735888046014604e-36 
0.090 17 0 0 0.017585243751664488 7.076788072526305e-36 
0.090 17 0 1 0.01762900075424371 4.337665664929155e-36 
0.090 17 0 2 0.017629142728105854 8.277819781653002e-36 
0.090 17 0 3 0.017629165291949866 1.0603284952808673e-35 
0.090 17 0 4 0.017629165114559666 8.41759754343853e-36 
0.090 17 0 5 0.017629159953324144 8.731568531298674e-36 
0.095 18 0 0 0.01762917467306066 5.2828851083687694e-36 
0.095 18 0 1 0.01767300393413409 6.371996865349722e-36 
0.095 18 0 2 0.017672888598782126 4.09869317981457e-36 
0.095 18 0 3 0.017672899702769237 5.53808495637794e-36 
0.095 18 0 4 0.01767289656199015 3.5442581983855784e-36 
0.095 18 0 5 0.017672887530403563 2.892353850769523e-36 
0.100 19 0 0 0.017672907187178864 2.6280617832208197e-36 
0.100 19 0 1 0.017716424911605643 9.252719333504414e-36 
0.100 19 0 2 0.01771643087523061 2.539636007487843e-36 
0.100 19 0 3 0.017716431963058273 3.677343493230146e-36 
0.100 19 0 4 0.017716435864221572 4.026803104584903e-36 
0.100 19 0 5 0.017716436637946475 6.193532246137706e-36 
0.105 20 0 0 0.017716436543465438 2.3026149301521846e-36 
0.105 20 0 1 0.017759750453534104 8.098184674649316e-36 
0.105 20 0 2 0.01775976601002372 3.733460799573902e-36 
0.105 20 0 3 0.01775976006211378 3.995669750348574e-36 
0.105 20 0 4 0.01775976801849769 5.2255788747220135e-36 
0.105 20 0 5 0.017759761101592664 9.441550007659529e-36 
0.110 21 0 0 0.017759780069256183 1.8438546171368148e-35 
0.110 21 0 1 0.017802782083397736 3.7719878977650705e-36 
0.110 21 0 2 0.01780291684782746 4.738919128449719e-36 
0.110 21 0 3 0.017802919074452233 6.11566235952448e-36 
0.110 21 0 4 0.017802918708053502 3.544536305684003e-36 
0.110 21 0 5 0.01780291488322407 2.7330292085493115e-36 
0.115 22 0 0 0.01780293011947449 1.8564272992918327e-35 
0.115 22 0 1 0.01784580138790302 3.51893599524964e-36 
0.115 22 0 2 0.01784587438250643 2.7213210347786333e-36 
0.115 22 0 3 0.017845871935334018 6.49208489272992e-36 
0.115 22 0 4 0.01784587314249271 3.878623033893018e-36 
0.115 22 0 5 0.017845876266814175 2.2236599969433937e-36 
0.120 23 0 0 0.017845882741910683 6.596585778746665e-36 
0.120 23 0 1 0.017888615739900932 1.287318478348049e-35 
0.120 23 0 2 0.017888628127018365 5.0862664000785786e-36 
0.120 23 0 3 0.017888638189893787 4.304835696984934e-36 
0.120 23 0 4 0.017888633802371656 1.702096170423086e-36 
0.120 23 0 5 0.01788863301256136 3.763754226721104e-36 
0.125 24 0 0 0.017888641610420655 2.6533179408063905e-36 
0.125 24 0 1 0.017931187816993224 4.402507186462492e-36 
0.125 24 0 2 0.017931191094286387 2.523732884213587e-36 
0.125 24 0 3 0.017931197140971633 2.228444590419984e-36 
0.125 24 0 4 0.01793119744317381 3.9806177421303846e-36 
0.125 24 0 5 0.01793120190948252 7.153697806049613e-36 
0.130 25 0 0 0.017931197651442406 4.108622037748887e-36 
0.130 25 0 1 0.01797356894648319 4.416564732396906e-36 
0.130 25 0 2 0.01797355668728722 1.2870409248427783e-35 
0.130 25 0 3 0.017973555005431244 1.1184160934067519e-35 
0.130 25 0 4 0.01797356514200582 3.98148123345449e-36 
0.130 25 0 5 0.01797355785479371 4.9520952110280375e-36 
0.135 26 0 0 0.01797357014040636 2.0434472724793926e-36 
0.135 26 0 1 0.018015674508423164 8.74843424572443e-36 
0.135 26 0 2 0.018015740426228184 8.15513779386991e-36 
0.135 26 0 3 0.018015741918227805 5.8844324632096345e-36 
0.135 26 0 4 0.01801573842748628 5.167137374745327e-36 
0.135 26 0 5 0.01801574449625645 5.6566718680016024e-36 
0.140 27 0 0 0.018015748156211476 3.375585526558674e-36 
0.140 27 0 1 0.018057762204359697 7.187034674095127e-36 
0.140 27 0 2 0.018057734272764973 6.80513887087501e-36 
0.140 27 0 3 0.018057730904732287 6.881589544824343e-36 
0.140 27 0 4 0.018057736365445807 4.2065284888408554e-36 
0.140 27 0 5 0.018057725072204645 4.114586449158025e-36 
0.145 28 0 0 0.01805773550541249 1.3712241275650776e-36 
0.145 28 0 1 0.01809953284027911 6.567230924177804e-36 
0.145 28 0 2 0.018099521019165687 8.653693330961673e-36 
0.145 28 0 3 0.018099529096144106 5.643954669653509e-36 
0.145 28 0 4 0.0180995273332476 4.91639292875397e-36 
0.145 28 0 5 0.01809951757462502 3.06940415625708e-36 
0.150 29 0 0 0.018099530859853465 3.130040798828924e-36 
0.150 29 0 1 0.01814111498333984 5.125765898510498e-36 
0.150 29 0 2 0.018141139801103365 1.0188471628516283e-35 
0.150 29 0 3 0.018141134409424834 5.0448769760130186e-36 
0.150 29 0 4 0.018141128620749444 2.8032239256345116e-36 
0.150 29 0 5 0.018141125310057963 3.7965190623127026e-36 
0.155 30 0 0 0.01814113160169988 5.372459280696814e-36 
0.155 30 0 1 0.018182547385672886 5.6037818865458385e-36 
0.155 30 0 2 0.018182545142760975 5.7141352840709654e-36 
0.155 30 0 3 0.01818253872015786 4.6901847928782054e-36 
0.155 30 0 4 0.01818253873916475 6.355819984407476e-36 
0.155 30 0 5 0.018182545700594153 3.8921918629750145e-36 
0.160 31 0 0 0.018182549436174575 3.4974764342837844e-36 
0.160 31 0 1 0.01822372906824582 8.021906371621484e-36 
0.160 31 0 2 0.01822376945870186 2.1755116059169473e-36 
0.160 31 0 3 0.018223760806838987 4.2335991088863144e-36 
0.160 31 0 4 0.01822376689120294 4.345460751974563e-36 
0.160 31 0 5 0.01822376961994828 4.0920116878431806e-36 
0.165 32 0 0 0.018223780578820147 2.0317975904940244e-36 
0.165 32 0 1 0.018264711254166222 4.028785953122311e-36 
0.165 32 0 2 0.01826481096897447 3.126703317725647e-36 
0.165 32 0 3 0.01826481399684489 3.841681039683144e-36 
0.165 32 0 4 0.018264804674343132 6.196828660645182e-36 
0.165 32 0 5 0.018264801895825918 2.2768155749048912e-36 
0.170 33 0 0 0.018264818624585042 1.3281920876105713e-35 
0.170 33 0 1 0.018305591796659464 4.7822666036750625e-36 
0.170 33 0 2 0.018305656924126376 9.70211295962684e-36 
0.170 33 0 3 0.018305655349558223 8.52404784269384e-36 
0.170 33 0 4 0.01830565377219301 3.899977073668844e-36 
0.170 33 0 5 0.01830566124948448 6.565533783581691e-36 
0.175 34 0 0 0.0183056625036478 5.7605889929480833e-36 
0.175 34 0 1 0.01834639070749809 6.189041521764666e-36 
0.175 34 0 2 0.018346299305173647 5.7328133146162164e-36 
0.175 34 0 3 0.018346314643947398 2.848278316914055e-36 
0.175 34 0 4 0.018346314383146795 4.8129420359940264e-36 
0.175 34 0 5 0.018346315902919436 4.625992946944092e-36 
0.180 35 0 0 0.018346321329741757 4.155987563293281e-36 
0.180 35 0 1 0.01838666060451263 8.498284309014353e-36 
0.180 35 0 2 0.018386786269140344 4.5489402303329356e-36 
0.180 35 0 3 0.01838678422255282 2.1678189930256386e-36 
0.180 35 0 4 0.018386776044305542 2.5633920073561752e-36 
0.180 35 0 5 0.01838677931781224 4.355712113440952e-36 
0.185 36 0 0 0.018386797330857508 2.5838806639673893e-36 
0.185 36 0 1 0.018427136338696956 3.696743282167625e-36 
0.185 36 0 2 0.018427091440367242 5.1738749971280044e-36 
0.185 36 0 3 0.018427080056388566 4.773177759414676e-36 
0.185 36 0 4 0.018427076881828198 4.217599733223142e-36 
0.185 36 0 5 0.01842707123803347 3.442945171404362e-36 
0.190 37 0 0 0.01842707103490381 6.572562160682082e-36 
0.190 37 0 1 0.018467157317941584 7.436522121732822e-36 
0.190 37 0 2 0.018467156799018856 2.7392974744191535e-36 
0.190 37 0 3 0.018467163911521388 2.771374250043994e-36 
0.190 37 0 4 0.01846715785422751 1.8051642957049017e-36 
0.190 37 0 5 0.018467163704590946 3.805930799370433e-36 
0.195 38 0 0 0.018467167573900795 3.081592900869459e-36 
0.195 38 0 1 0.018507002838390636 4.2695832875698534e-36 
0.195 38 0 2 0.018507079307486383 3.322263464311571e-36 
0.195 38 0 3 0.018507067994199645 3.3244979187908456e-36 
0.195 38 0 4 0.018507080633919218 4.692235890256019e-36 
0.195 38 0 5 0.01850707158588173 3.138201588196757e-36 
0.200 39 0 0 0.01850707982607765 8.258952533425791e-37 
0.200 39 0 1 0.01854681683616224 4.4938556585366104e-36 
0.200 39 0 2 0.018546804852405126 4.66600102703546e-36 
0.200 39 0 3 0.018546802642726085 3.424608429902694e-36 
0.200 39 0 4 0.01854679936094205 3.493515230384915e-36 
0.200 39 0 5 0.018546799969166125 3.442005516706123e-36 
0.205 40 0 0 0.01854680109173783 3.738657687989212e-36 
0.205 40 0 1 0.018586313106576647 5.5105189941409236e-36 
0.205 40 0 2 0.01858634470406673 4.878837277920598e-36 
0.205 40 0 3 0.01858633954798055 5.495343671657875e-36 
0.205 40 0 4 0.018586337422643755 3.343282582544038e-36 
0.205 40 0 5 0.018586332503244506 2.839542599866679e-36 
0.210 41 0 0 0.01858634230333834 8.183570120618368e-36 
0.210 41 0 1 0.018625718385243396 7.83304124794492e-36 
0.210 41 0 2 0.018625693733657054 3.987478858144127e-36 
0.210 41 0 3 0.018625696576773414 2.3516234337969756e-36 
0.210 41 0 4 0.01862569569831117 3.552132374716313e-36 
0.210 41 0 5 0.018625694821086152 3.1789344422746495e-36 
0.215 42 0 0 0.018625694077940944 2.846588098261607e-36 
0.215 42 0 1 0.018664757598848076 4.8431254219754224e-36 
0.215 42 0 2 0.01866485400786536 2.8016618926311352e-36 
0.215 42 0 3 0.01866485453230586 1.9339631754925266e-36 
0.215 42 0 4 0.018664860361333763 8.400521701505453e-36 
0.215 42 0 5 0.018664864842337592 5.620297612667147e-36 
0.220 43 0 0 0.01866486818221434 9.733295255350594e-37 
0.220 43 0 1 0.018704017948375867 6.38683074184376e-36 
0.220 43 0 2 0.018703853772933352 3.221929687118e-36 
0.220 43 0 3 0.018703849816091737 5.3906802633627205e-36 
0.220 43 0 4 0.018703852003628167 4.491684654851802e-36 
0.220 43 0 5 0.01870385026984218 8.660344453992744e-36 
0.225 44 0 0 0.018703858011779106 8.59124283234801e-36 
0.225 44 0 1 0.018742731158767328 5.9453214150321713e-36 
0.225 44 0 2 0.018742647432770352 4.524924799672113e-36 
0.225 44 0 3 0.01874265786937048 3.347088509173144e-36 
0.225 44 0 4 0.018742650059031418 4.049693191685385e-36 
0.225 44 0 5 0.018742651287510816 2.0251929519815223e-36 
0.230 45 0 0 0.01874266496488756 6.590693851079908e-36 
0.230 45 0 1 0.01878130061287743 7.068253800343223e-36 
0.230 45 0 2 0.018781291268007722 8.187684822838602e-36 
0.230 45 0 3 0.01878128001384504 3.211663393415174e-36 
0.230 45 0 4 0.018781280740577076 1.6058060249197204e-36 
0.230 45 0 5 0.018781279350034798 5.2251621621898865e-36 
0.235 46 0 0 0.01878128626908843 5.365085465680309e-36 
0.235 46 0 1 0.018819608954435036 8.280558535423617e-36 
0.235 46 0 2 0.018819704621583867 7.493034762399334e-36 
0.235 46 0 3 0.018819719867365158 5.1967587615698144e-36 
0.235 46 0 4 0.01881971213219526 3.970695338281093e-36 
0.235 46 0 5 0.018819721543426402 2.983482857083353e-36 
0.240 47 0 0 0.01881972091962166 3.432289692320231e-36 
0.240 47 0 1 0.018857967660585815 6.131721957390456e-36 
0.240 47 0 2 0.01885797853291782 3.8211496181578136e-36 
0.240 47 0 3 0.018857967908291126 7.574817769368992e-36 
0.240 47 0 4 0.018857967422062038 3.8476652791698483e-36 
0.240 47 0 5 0.018857968544064675 4.6654809995701556e-36 
0.245 48 0 0 0.018857978991623083 1.4993014059518627e-36 
0.245 48 0 1 0.018896019221241803 2.5002496779199024e-36 
0.245 48 0 2 0.01889605479139419 3.204549595262345e-36 
0.245 48 0 3 0.018896051031217574 1.5700009882318607e-36 
0.245 48 0 4 0.01889604539007903 4.5002544581610015e-36 
0.245 48 0 5 0.018896044579124274 4.365648238804808e-36 
0.250 49 0 0 0.01889605388774844 1.531024946798865e-35 
0.250 49 0 1 0.018933931569815533 4.340060618529339e-36 
0.250 49 0 2 0.018933943320999336 4.981506313399775e-36 
0.250 49 0 3 0.018933939949117056 6.844804002785413e-36 
0.250 49 0 4 0.018933934008525718 8.585733628875133e-36 
0.250 49 0 5 0.018933937005649406 4.4764169587739857e-36 
0.255 50 0 0 0.018933945508416424 1.5774514059186214e-35 
0.255 50 0 1 0.018971663726144176 4.712990802070828e-36 
0.255 50 0 2 0.018971656036811765 3.802395760550063e-36 
0.255 50 0 3 0.018971654969831223 5.620146496640755e-36 
0.255 50 0 4 0.018971657600067016 6.327702358991025e-36 
0.255 50 0 5 0.01897164841836883 5.650816368607412e-36 
0.260 51 0 0 0.018971664772759786 4.808521053457326e-36 
0.260 51 0 1 0.01900907731159344 5.398269875211708e-36 
0.260 51 0 2 0.01900919701563559 6.213255959228197e-36 
0.260 51 0 3 0.019009183629731845 5.201521875943544e-36 
0.260 51 0 4 0.01900918880157412 3.581722013722793e-36 
0.260 51 0 5 0.019009189268606713 3.9916072852070056e-36 
0.265 52 0 0 0.019009194376119105 5.1982004534209764e-36 
0.265 52 0 1 0.019046484610069057 5.486775572327608e-36 
0.265 52 0 2 0.019046549822247544 3.684576155123912e-36 
0.265 52 0 3 0.019046551105466138 4.768922430762867e-36 
0.265 52 0 4 0.01904654450292755 3.386118505357187e-36 
0.265 52 0 5 0.019046542066215356 3.472535617558756e-36 
0.270 53 0 0 0.01904655404977023 5.01838175854428e-36 
0.270 53 0 1 0.01908376618502938 1.2022306412328557e-35 
0.270 53 0 2 0.019083734090967218 7.803660660248543e-36 
0.270 53 0 3 0.019083715578010536 5.3726414491249566e-36 
0.270 53 0 4 0.019083726005752377 8.401678389309844e-36 
0.270 53 0 5 0.019083723181936678 1.840974534012661e-36 
0.275 54 0 0 0.019083734920242335 2.4359408030700273e-36 
0.275 54 0 1 0.019120763306680468 5.936757441124584e-36 
0.275 54 0 2 0.019120720491589808 9.191991531005273e-36 
0.275 54 0 3 0.0191207237844995 3.811157037281428e-36 
0.275 54 0 4 0.01912073082982273 6.67960418694057e-36 
0.275 54 0 5 0.019120725376008417 2.984355428821506e-36 
0.280 55 0 0 0.019120728106284502 1.6332463525167807e-36 
0.280 55 0 1 0.01915746232046232 3.446072824735183e-36 
0.280 55 0 2 0.019157536799765708 8.90221650588971e-36 
0.280 55 0 3 0.01915755038308857 3.952546841609928e-36 
0.280 55 0 4 0.01915754173362765 4.053418538047598e-36 
0.280 55 0 5 0.019157543066429097 3.334570452152412e-36 
0.285 56 0 0 0.019157549509906155 1.7358444776518602e-35 
0.285 56 0 1 0.019194179048857913 5.7925634255716026e-36 
0.285 56 0 2 0.019194185639921115 4.363358001436267e-36 
0.285 56 0 3 0.019194192952745364 3.891856044600635e-36 
0.285 56 0 4 0.01919418750712164 6.068774464492663e-36 
0.285 56 0 5 0.019194186634230715 1.7908963420034727e-36 
0.290 57 0 0 0.019194194193734835 1.1781866521793944e-35 
0.290 57 0 1 0.01923059752805469 5.9253253119409894e-36 
0.290 57 0 2 0.019230658989258104 8.40263831238907e-36 
0.290 57 0 3 0.019230664080404337 4.5393941367784463e-36 
0.290 57 0 4 0.01923066466991892 3.7369072314897766e-36 
0.290 57 0 5 0.019230657153703416 3.741645055228821e-36 
0.295 58 0 0 0.01923065955133931 1.7914698403907415e-36 
0.295 58 0 1 0.019266854705080532 1.1003010474114898e-35 
0.295 58 0 2 0.01926694082769736 2.603847292234254e-36 
0.295 58 0 3 0.019266947598645983 3.609859459104722e-36 
0.295 58 0 4 0.01926694407048441 4.4365362286870556e-36 
0.295 58 0 5 0.01926694073218681 5.419597144581672e-36 
0.300 59 0 0 0.019266957392177514 1.9972139074512146e-36 
0.300 59 0 1 0.019303078457427403 5.382365204903948e-36 
0.300 59 0 2 0.019303061762883513 7.627624435223263e-36 
0.300 59 0 3 0.019303064647169375 7.771194256388294e-36 
0.300 59 0 4 0.01930306523477098 5.9221573908974964e-36 
0.300 59 0 5 0.01930306884272049 3.682500529417778e-36 
0.305 60 0 0 0.019303074773327156 1.4683409616092833e-36 
0.305 60 0 1 0.019338970297693166 4.6284673485620096e-36 
0.305 60 0 2 0.019339023026360848 4.212764737843385e-36 
0.305 60 0 3 0.019339003402986738 2.978554232545405e-36 
0.305 60 0 4 0.019339008288521763 2.0952997572062656e-36 
0.305 60 0 5 0.019339007420938407 3.50019002975484e-36 
0.310 61 0 0 0.019339013651391755 1.9055220656789844e-36 
0.310 61 0 1 0.01937483120603081 1.0825454120515519e-35 
0.310 61 0 2 0.019374762636873405 2.643205304362828e-36 
0.310 61 0 3 0.01937476925018767 3.796172022340223e-36 
0.310 61 0 4 0.019374774444708635 4.3492784719315447e-36 
0.310 61 0 5 0.019374773092018027 1.8900658980121082e-36 
0.315 62 0 0 0.019374778744809067 2.6152855738187544e-36 
0.315 62 0 1 0.019410355204965517 5.966200493101307e-36 
0.315 62 0 2 0.019410364411976116 5.592981978387799e-36 
0.315 62 0 3 0.019410365651661095 6.095593837328661e-36 
0.315 62 0 4 0.01941037007702856 7.769636909326983e-36 
0.315 62 0 5 0.0194103566232135 4.5509638846816234e-36 
0.320 63 0 0 0.019410374892796203 1.2965289207315305e-36 
0.320 63 0 1 0.019445725274610273 4.62025910267738e-36 
0.320 63 0 2 0.019445786390773122 8.238228066571742e-36 
0.320 63 0 3 0.01944578519511715 4.0096382970149215e-36 
0.320 63 0 4 0.019445782474676567 4.575225450615109e-36 
0.320 63 0 5 0.019445787365776956 2.9882448055767597e-36 
0.325 64 0 0 0.019445789574836735 3.135648471790528e-36 
0.325 64 0 1 0.019481024769943706 3.7562942966372e-36 
0.325 64 0 2 0.01948103931420555 5.166963568894201e-36 
0.325 64 0 3 0.019481027830834562 3.230154031119386e-36 
0.325 64 0 4 0.01948102747057534 5.456513175533599e-36 
0.325 64 0 5 0.019481027523516936 3.5575831791140076e-36 
0.330 65 0 0 0.019481030963886918 1.689963736376428e-36 
0.330 65 0 1 0.019516168479055365 9.616847199085111e-36 
0.330 65 0 2 0.019516092835147613 5.4025767268054525e-36 
0.330 65 0 3 0.019516098628442193 3.3440933177835577e-36 
0.330 65 0 4 0.019516087684526683 4.1572895961390844e-36 
0.330 65 0 5 0.0195161021189326 3.743532436104451e-36 
0.335 66 0 0 0.019516105740848045 2.2622095889570517e-35 
0.335 66 0 1 0.019551076141369788 3.62096213741416e-36 
0.335 66 0 2 0.019550995548918156 4.0271827779960225e-36 
0.335 66 0 3 0.019551001165800594 2.077757607985809e-36 
0.335 66 0 4 0.019550998965304427 3.013169533205889e-36 
0.335 66 0 5 0.019550995741142635 3.152997551159543e-36 
0.340 67 0 0 0.01955100049753128 2.718700581602136e-36 
0.340 67 0 1 0.019585664960807825 2.5452487123049112e-36 
0.340 67 0 2 0.019585729501641613 3.254660880336067e-36 
0.340 67 0 3 0.01958572667408492 3.753487574285871e-36 
0.340 67 0 4 0.019585725526978473 1.5456911727896524e-36 
0.340 67 0 5 0.019585713759043343 3.9637244949924014e-36 
0.345 68 0 0 0.019585733933126244 6.271760426201053e-37 
0.345 68 0 1 0.01962023988934189 5.4577615643094964e-36 
0.345 68 0 2 0.019620287806791526 5.3706749229120624e-36 
0.345 68 0 3 0.019620281588782706 4.579607366964992e-36 
0.345 68 0 4 0.019620280375208184 6.435408894293633e-36 
0.345 68 0 5 0.019620276735082414 5.061307413504594e-36 
0.350 69 0 0 0.019620288122278364 2.8292978464421505e-36 
0.350 69 0 1 0.01965475715498955 6.338486258715411e-36 
0.350 69 0 2 0.019654674616686324 5.878441811381158e-36 
0.350 69 0 3 0.019654668840291285 2.12550973422732e-36 
0.350 69 0 4 0.019654666257629315 4.76764323584153e-36 
0.350 69 0 5 0.019654673820275755 4.0219070798544294e-36 
0.355 70 0 0 0.019654665386597978 1.2165277151074771e-36 
0.355 70 0 1 0.019688887895720864 7.038758732167506e-36 
0.355 70 0 2 0.019688873071060747 3.01597060552181e-36 
0.355 70 0 3 0.01968887725543792 5.409774423499938e-36 
0.355 70 0 4 0.01968887265591341 3.205341586733607e-36 
0.355 70 0 5 0.01968886970971237 6.205305328053251e-36 
0.360 71 0 0 0.019688882485969773 9.17989604009068e-37 
0.360 71 0 1 0.019722941284571235 4.73394969810049e-36 
0.360 71 0 2 0.019722920456858833 2.8311321185876787e-36 
0.360 71 0 3 0.019722919116023876 3.3106005356657104e-36 
0.360 71 0 4 0.0197229186167332 6.986801544652698e-36 
0.360 71 0 5 0.019722921983614382 3.0160777319868114e-36 
0.365 72 0 0 0.019722922359863504 1.0679441427867618e-35 
0.365 72 0 1 0.019756644968958997 5.794947112732133e-36 
0.365 72 0 2 0.01975679836948355 3.337401837356714e-36 
0.365 72 0 3 0.019756783799766003 4.57256917166691e-36 
0.365 72 0 4 0.019756795198232605 1.0550052830319859e-35 
0.365 72 0 5 0.019756790174010722 5.3917026955638435e-36 
0.370 73 0 0 0.019756808325937618 6.983207635619799e-37 
0.370 73 0 1 0.019790537618770563 7.245944723436732e-36 
0.370 73 0 2 0.019790510056592027 2.671126882518926e-36 
0.370 73 0 3 0.01979050842183882 3.685174251729261e-36 
0.370 73 0 4 0.019790515243033352 1.4486855803423404e-36 
0.370 73 0 5 0.019790506939676274 7.414767646907829e-36 
0.375 74 0 0 0.0197905184918992 1.0157994897516964e-36 
0.375 74 0 1 0.01982404372810313 4.783620056204621e-36 
0.375 74 0 2 0.01982405639102789 8.859441881476582e-36 
0.375 74 0 3 0.019824043354312437 3.234889926671745e-36 
0.375 74 0 4 0.01982405596118137 2.213359399454161e-36 
0.375 74 0 5 0.01982405120293139 3.384595237874528e-36 
0.380 75 0 0 0.01982405465042029 3.455712584724594e-36 
0.380 75 0 1 0.01985746439960961 9.42990030727117e-36 
0.380 75 0 2 0.019857413611468876 4.602880625117558e-36 
0.380 75 0 3 0.019857420153385912 4.5409286146488206e-36 
0.380 75 0 4 0.01985742234475401 2.1580437591462626e-36 
0.380 75 0 5 0.019857419563196945 3.546743720708109e-36 
0.385 76 0 0 0.019857424007541667 1.5143289437047753e-35 
0.385 76 0 1 0.01989055567724949 3.519759330964952e-36 
0.385 76 0 2 0.019890615861908316 2.4315910305801316e-36 
0.385 76 0 3 0.019890621958283023 2.5250442305268906e-36 
0.385 76 0 4 0.019890620248168334 6.13373601564726e-36 
0.385 76 0 5 0.019890622161184507 7.121952319802516e-36 
0.390 77 0 0 0.019890627586374804 3.6624415629276895e-36 
0.390 77 0 1 0.019923676852153027 7.273967688339319e-36 
0.390 77 0 2 0.019923665433944405 3.5555676410860245e-36 
0.390 77 0 3 0.019923657105528774 3.5896674881193914e-36 
0.390 77 0 4 0.019923662147594196 4.527480992278796e-36 
0.390 77 0 5 0.019923652846818345 3.9821750891916967e-36 
0.395 78 0 0 0.019923660662831275 1.4906759818981515e-36 
0.395 78 0 1 0.019956461313620905 3.5264645777479095e-36 
0.395 78 0 2 0.019956526394588385 6.115475101208094e-36 
0.395 78 0 3 0.01995653369472095 4.649465974205733e-36 
0.395 78 0 4 0.019956529938234907 4.775864440934356e-36 
0.395 78 0 5 0.019956526044460552 2.5154415020936665e-36 
0.400 79 0 0 0.019956530252798806 1.5942659155223736e-35 
0.400 79 0 1 0.019989190390575 4.295642820326556e-36 
0.400 79 0 2 0.019989232503968713 7.278487357933439e-36 
0.400 79 0 3 0.019989225153771436 5.8173882013838684e-36 
0.400 79 0 4 0.019989237362839415 2.9429956450210628e-36 
0.400 79 0 5 0.019989228340185267 4.2309893754679074e-36 
0.405 80 0 0 0.019989234360663532 4.836885413168689e-36 
0.405 80 0 1 0.02002171165344544 3.7298963446961684e-36 
0.405 80 0 2 0.020021770788344294 3.307649288995965e-36 
0.405 80 0 3 0.020021756314916487 2.345001995872573e-36 
0.405 80 0 4 0.020021768044811167 9.356039457091665e-36 
0.405 80 0 5 0.020021767297555827 3.054757291450897e-36 
0.410 81 0 0 0.020021773767066705 6.143120100053111e-36 
0.410 81 0 1 0.020054172013380406 6.885393767474516e-36 
0.410 81 0 2 0.02005415524066722 2.7488378282551332e-36 
0.410 81 0 3 0.020054153286763143 3.7960695593965116e-36 
0.410 81 0 4 0.020054146590981283 4.3511293966263266e-36 
0.410 81 0 5 0.020054152540489874 3.1807833939411924e-36 
0.415 82 0 0 0.020054150429466625 1.0396320493673063e-36 
0.415 82 0 1 0.020086353582343466 7.610816880288968e-36 
0.415 82 0 2 0.02008635309945388 5.64418448260166e-36 
0.415 82 0 3 0.02008635436867672 3.3461990321703157e-36 
0.415 82 0 4 0.020086358403223124 9.736280741609759e-36 
0.415 82 0 5 0.02008635297087961 7.051741751229086e-36 
0.420 83 0 0 0.02008636593383957 6.45295440979701e-36 
0.420 83 0 1 0.020118342153706267 3.606541363707405e-36 
0.420 83 0 2 0.020118407906181034 6.955629267950221e-36 
0.420 83 0 3 0.020118408007237163 4.605749408175273e-36 
0.420 83 0 4 0.020118414468754914 4.1946356127221935e-36 
0.420 83 0 5 0.02011841025472301 4.291635779341851e-36 
0.425 84 0 0 0.02011841483210159 3.31394464574206e-36 
0.425 84 0 1 0.02015028783124769 4.275766354493064e-36 
0.425 84 0 2 0.02015028987701227 4.811549885206077e-36 
0.425 84 0 3 0.02015029193924991 4.7443546418785696e-36 
0.425 84 0 4 0.020150293323905725 4.041730229083951e-36 
0.425 84 0 5 0.02015029355550777 2.863794345500526e-36 
0.430 85 0 0 0.020150305321655432 7.482346127761518e-36 
0.430 85 0 1 0.020182038092308074 8.079879770648758e-36 
0.430 85 0 2 0.020182031300391288 1.8939609248027704e-36 
0.430 85 0 3 0.020182022208952204 8.917794012242407e-36 
0.430 85 0 4 0.020182017916182664 3.530952858256428e-36 
0.430 85 0 5 0.020182013266819968 2.4113509894522796e-36 
0.435 86 0 0 0.020182033679453665 2.7807954506395306e-36 
0.435 86 0 1 0.020213535832675066 4.994031141494685e-36 
0.435 86 0 2 0.020213594297332164 1.9817784386376464e-36 
0.435 86 0 3 0.02021357362968731 1.0581962616009304e-35 
0.435 86 0 4 0.02021359057240613 5.7253975534599064e-36 
0.435 86 0 5 0.020213588062730138 5.745870232553612e-36 
0.440 87 0 0 0.0202135971877206 1.2524312305409803e-36 
0.440 87 0 1 0.020244981431540913 4.859288200249924e-36 
0.440 87 0 2 0.020244981470271088 3.018578769485937e-36 
0.440 87 0 3 0.02024498935482007 2.515405808219184e-36 
0.440 87 0 4 0.02024498722976134 5.4393348258152565e-36 
0.440 87 0 5 0.020244988824791723 3.2695377374566016e-36 
0.445 88 0 0 0.02024500137652841 1.5668061550761984e-36 
0.445 88 0 1 0.020276221031234276 9.263247759703169e-36 
0.445 88 0 2 0.02027623004953299 3.6947658594578715e-36 
0.445 88 0 3 0.02027623876546572 3.481575494845605e-36 
0.445 88 0 4 0.020276238697767034 5.9676405795071246e-36 
0.445 88 0 5 0.020276231985419058 3.112173668733409e-36 
0.450 89 0 0 0.02027624050821419 2.0343615915962353e-36 
0.450 89 0 1 0.020307315429818746 5.2010644024416865e-36 
0.450 89 0 2 0.020307314352055784 3.850563343760277e-36 
0.450 89 0 3 0.020307303832002285 5.741289937182732e-36 
0.450 89 0 4 0.02030731158056551 3.0205352960329904e-36 
0.450 89 0 5 0.0203073121611446 3.0931398653236486e-36 
0.455 90 0 0 0.02030731376926913 8.962866947005795e-36 
0.455 90 0 1 0.020338176986463223 7.228072181669551e-36 
0.455 90 0 2 0.020338219990131384 4.899049203396062e-36 
0.455 90 0 3 0.020338230543659346 3.095463733855333e-36 
0.455 90 0 4 0.020338218591678517 3.1389180664963716e-36 
0.455 90 0 5 0.02033822518508135 5.495349994316545e-36 
0.460 91 0 0 0.020338226117124058 3.557822147404619e-36 
0.460 91 0 1 0.02036899704791072 7.062000959966878e-36 
0.460 91 0 2 0.020368977255147285 5.532696190265857e-36 
0.460 91 0 3 0.020368972224453736 4.571556470082325e-36 
0.460 91 0 4 0.02036897880895304 5.694339398504366e-36 
0.460 91 0 5 0.020368972044145336 3.341815501524603e-36 
0.465 92 0 0 0.020368986419721454 2.7197381147894196e-36 
0.465 92 0 1 0.020399527761615143 4.722037360748755e-36 
0.465 92 0 2 0.020399580263436797 5.1393780333202356e-36 
0.465 92 0 3 0.020399576620560834 4.0855601545549806e-36 
0.465 92 0 4 0.020399581613929723 3.22952472479464e-36 
0.465 92 0 5 0.020399571019811026 3.679179474478105e-36 
0.470 93 0 0 0.020399583730865645 5.490280741069912e-37 
0.470 93 0 1 0.02042994825623158 8.813297952615057e-36 
0.470 93 0 2 0.020430016338314847 4.4010610016057594e-36 
0.470 93 0 3 0.020430017901202444 8.684645390807883e-36 
0.470 93 0 4 0.020430014674560477 6.08683372647762e-36 
0.470 93 0 5 0.020430011500909066 2.7754139805192756e-36 
0.475 94 0 0 0.020430024038106186 4.6803481893077483e-36 
0.475 94 0 1 0.020460285339582985 7.258841557037564e-36 
0.475 94 0 2 0.020460283253635105 6.088101486803487e-36 
0.475 94 0 3 0.020460297271375383 5.9099191003125715e-36 
0.475 94 0 4 0.020460307110320954 4.816672583976141e-36 
0.475 94 0 5 0.020460296957739373 2.5666021242990256e-36 
0.480 95 0 0 0.02046030021796854 1.0803978120829797e-36 
0.480 95 0 1 0.02049046509712219 5.4581693533730027e-36 
0.480 95 0 2 0.020490417899814692 4.6967499546562825e-36 
0.480 95 0 3 0.020490414732956572 3.806799604418315e-36 
0.480 95 0 4 0.0204904184347291 2.2463077154614848e-36 
0.480 95 0 5 0.02049041887836384 4.85882095128998e-36 
0.485 96 0 0 0.020490423243426686 1.1649651327147365e-36 
0.485 96 0 1 0.020520407681567467 3.090701381787968e-36 
0.485 96 0 2 0.02052037782787657 6.965474678856693e-36 
0.485 96 0 3 0.02052038459192611 2.567942169204878e-36 
0.485 96 0 4 0.020520377688390868 8.401980755887282e-36 
0.485 96 0 5 0.020520378184860653 4.854596877199119e-36 
0.490 97 0 0 0.020520386662918094 6.04945500113608e-37 
0.490 97 0 1 0.020550204712185785 3.771074520215635e-36 
0.490 97 0 2 0.020550188608318462 2.5916045174942425e-36 
0.490 97 0 3 0.0205501841785037 7.68394986241494e-36 
0.490 97 0 4 0.02055018254642963 2.5731308747378043e-36 
0.490 97 0 5 0.020550190903711987 2.026874330772509e-36 
0.495 98 0 0 0.02055019124896502 6.15835563453302e-36 
0.495 98 0 1 0.020579854533531953 6.021899573510595e-36 
0.495 98 0 2 0.02057982568263106 3.0865061856558605e-36 
0.495 98 0 3 0.020579829987235256 6.545385577949998e-36 
0.495 98 0 4 0.020579839870875832 3.905638992087979e-36 
0.495 98 0 5 0.02057982822168088 2.9030572486997285e-36 
0.500 99 0 0 0.020579842016557347 1.4267793875018934e-36 
0.500 99 0 1 0.020609345593365972 3.0719861327555056e-36 
0.500 99 0 2 0.02060933377083374 1.829778495594337e-36 
0.500 99 0 3 0.020609331162513123 2.3152096282146623e-36 
0.500 99 0 4 0.020609333611610048 3.114924428829267e-36 
0.500 99 0 5 0.02060932497993908 2.801203432615159e-36 
