-1 0 6.501884761416838 1.0126811102426405 0 0 
0 0.005 6.472283548092897 1.012974190878184 2.958724133632451e-12 
1 0.010 6.4433883569440225 1.0132596207404956 1.6935024427019762e-13 
2 0.015 6.415231345554493 1.0135487793250693 3.5246159226106945e-13 
3 0.020 6.387754250694262 1.0138384401735796 4.721871202759887e-13 
4 0.025 6.36093254768757 1.0141302737203235 1.522495532762354e-12 
5 0.030 6.334715051829543 1.01442132975993 9.39349393380644e-13 
6 0.035 6.309050149623831 1.014708191399941 3.8042656166143595e-14 
7 0.040 6.283966975153157 1.0150001120633263 1.1820601109722273e-12 
8 0.045 6.2593838613560076 1.015288243974614 3.0116583972371397e-16 
9 0.050 6.235343851795063 1.0155836390242396 3.3744920929496437e-12 
10 0.055 6.2117579920007895 1.015875702160898 7.73604985577269e-13 
11 0.060 6.188626427146437 1.016168070689168 7.451062411236983e-13 
12 0.065 6.165890159654219 1.0164544841379477 5.796988789422014e-13 
13 0.070 6.14361189213687 1.016748532239279 1.1962315056727831e-12 
14 0.075 6.121703633358377 1.0170388020194403 5.421961685300286e-16 
15 0.080 6.100151683861973 1.0173259253713638 7.925197281975714e-13 
16 0.085 6.079024977798873 1.017624221002694 3.2833431425103043e-12 
17 0.090 6.058234211214777 1.0179214872061004 1.9836910461402095e-12 
18 0.095 6.03773695578378 1.0182131054821193 2.0638182823132134e-14 
19 0.100 6.017570628092094 1.0185077742937165 2.2697771821488758e-13 
20 0.105 5.997732375350346 1.0188073559260276 2.338110151732134e-12 
21 0.110 5.978157689853582 1.0191031117643872 1.823942429352653e-13 
22 0.115 5.958862710471124 1.0193998649733713 2.520448762718441e-13 
23 0.120 5.939806187270448 1.0196925512477992 4.3049998858062e-13 
24 0.125 5.921027274161384 1.0199897880585176 8.055342765866179e-14 
25 0.130 5.902469236406072 1.0202836436653515 5.173263515796079e-13 
26 0.135 5.884167706757708 1.0205820090555462 3.366443067452787e-14 
27 0.140 5.8661164846404645 1.0208855178321026 1.4638622596893662e-12 
28 0.145 5.848230102925595 1.0211808897021513 8.812269817218497e-13 
29 0.150 5.830553144886948 1.021477374343739 7.57663857128301e-13 
30 0.155 5.8131054801936575 1.021779928530526 1.1656504309320695e-13 
31 0.160 5.795844835178347 1.0220825456083866 1.8152546932595965e-14 
32 0.165 5.778785491054964 1.0223890792694998 6.712811056161805e-13 
33 0.170 5.761887953846252 1.0226938253602396 2.641800186950811e-14 
34 0.175 5.745190510339706 1.0230047955773658 1.8771944276329815e-12 
35 0.180 5.728607207081616 1.0233078538075777 5.193008045484358e-13 
36 0.185 5.71221641984753 1.0236180762814557 4.692606977295293e-13 
37 0.190 5.696015541121047 1.0239361208970128 4.877574139926877e-12 
38 0.195 5.679895492041684 1.0242434031350436 2.741280981683129e-13 
39 0.200 5.663945824022495 1.0245569880346668 4.1251742951070597e-13 
40 0.205 5.6481201796253755 1.0248694479490232 1.1682944376908145e-14 
41 0.210 5.632446311503446 1.0251867081795305 8.238139492184696e-13 
42 0.215 5.616890621210521 1.0255035246081856 2.5464742187294917e-13 
43 0.220 5.601415002112601 1.0258137229950663 1.620302176975203e-12 
44 0.225 5.586092770438176 1.0261314836773467 1.7824253212187432e-14 
45 0.230 5.570892850248054 1.0264518897208514 1.692803114509347e-13 
46 0.235 5.555801651232712 1.026773160672975 8.591686361734954e-14 
47 0.240 5.540830052362502 1.0270979971285568 5.830106932075973e-13 
48 0.245 5.525932202449393 1.0274185529149369 2.5300479052800173e-13 
49 0.250 5.511152308255057 1.0277436516009668 2.8462915540653494e-14 
50 0.255 5.496485138502877 1.0280729469674874 5.668092453635253e-13 
51 0.260 5.481889814519117 1.0283993732096546 4.1971786520010864e-14 
52 0.265 5.467413609962974 1.0287323402364026 7.558893023528308e-13 
53 0.270 5.452994174125705 1.0290606569208989 2.324915118012809e-13 
54 0.275 5.438664931291989 1.0293911026694773 1.3652831495343422e-13 
55 0.280 5.424422783838685 1.029723581323236 7.797191733268814e-14 
56 0.285 5.410280217191599 1.0300609402373033 1.692907517265078e-13 
57 0.290 5.39620613419812 1.0303977169496321 6.074774573468899e-15 
58 0.295 5.382207882453777 1.0307357269069688 3.599743101404921e-14 
59 0.300 5.368273183294007 1.0310730180303966 5.013389059521542e-13 
60 0.305 5.354418708230359 1.0314131735804235 2.1756460928591256e-13 
61 0.310 5.340642152787273 1.031756135074083 6.545483313087808e-14 
62 0.315 5.326938607192507 1.0321013215098986 2.7111054644885842e-14 
63 0.320 5.313319850626057 1.0324513717211867 2.2327951017833844e-13 
64 0.325 5.299745936474363 1.032798859409834 2.1007761306752119e-13 
65 0.330 5.286228346560524 1.0331463084477481 7.395197358504751e-13 
66 0.335 5.272815893051646 1.033503574982874 6.226577057687568e-13 
67 0.340 5.259443320722546 1.0338581930804425 2.93022887562687e-14 
68 0.345 5.246115991373712 1.0342114608123263 7.265048394796243e-13 
69 0.350 5.2328942071387905 1.0345755411323705 9.417516130213318e-13 
70 0.355 5.2196919398311366 1.0349337116391102 4.4629908404600315e-13 
71 0.360 5.20656850980756 1.035297947516426 2.7933883793632657e-14 
72 0.365 5.1935168703131245 1.0356671164661782 5.606351979270236e-13 
73 0.370 5.180501398290494 1.0360343476176717 5.979165967686732e-15 
74 0.375 5.167552806464988 1.0364059855218077 1.584621982156781e-13 
75 0.380 5.154666170132364 1.0367812701905146 4.966891594186582e-13 
76 0.385 5.141806031699579 1.0371532648841264 1.603295435474326e-13 
77 0.390 5.128998816594923 1.0375274628235178 1.5363674387779004e-13 
78 0.395 5.116244316876198 1.0379040090181888 1.272704290919604e-13 
79 0.400 5.103549523025481 1.038284506613745 1.6853431043308837e-16 
80 0.405 5.090905214390852 1.0386672619363555 8.846544021645174e-17 
81 0.410 5.078300903801486 1.0390502954402034 1.587221052173921e-13 
82 0.415 5.065740097640366 1.0394344693374178 3.9079003291808373e-13 
83 0.420 5.053246957265484 1.0398248993333439 2.5932791889664835e-14 
84 0.425 5.040794819874657 1.0402162650100972 1.3319346525192523e-14 
85 0.430 5.028385518153122 1.0406090760795987 8.75630460599789e-14 
86 0.435 5.01601961691798 1.0410035791425059 1.7645073910848983e-13 
87 0.440 5.003704770426651 1.0414014935438822 4.803384939440644e-14 
88 0.445 4.991408651107857 1.04179620793274 1.7218248226832353e-12 
89 0.450 4.9791802940496215 1.0421980607104442 1.4779999471429255e-13 
90 0.455 4.96701194286618 1.0426055823136655 5.816857096113024e-14 
91 0.460 4.954866849283486 1.0430111786693814 3.823613092166203e-13 
92 0.465 4.942802205618975 1.043426995644552 7.754843826490804e-13 
93 0.470 4.930738651895768 1.04383640491456 7.059859351071636e-13 
94 0.475 4.918727278410886 1.0442502794952557 2.1376310651280525e-13 
95 0.480 4.906752149599319 1.0446653423481105 5.283656486014e-13 
96 0.485 4.894820572544902 1.0450832378526276 4.424290084512821e-13 
97 0.490 4.882942936093796 1.0455062853715948 3.132063047502903e-14 
98 0.495 4.871111692708808 1.045932975807774 4.173885191908461e-16 
99 0.500 4.8592995453996615 1.0463575268410843 7.827721495141215e-13 
