-1 0 6.501884761416838 1.0126811102426405 0 0 
0 0.2 5.721578438526829 1.034982210973538 5.348551664699266e-06 
1 0.4 5.49539989512762 1.1180039584244705 0.00017314676438745855 
2 0.6 3.9711696852745497 0.9049808489327108 0.04481535575444694 
3 0.8 24.455214660990414 6.244458971687536 0.45472340183809495 
4 1.0 579.0887609315113 165.78649929744964 349.81636330951847 
5 1.2 543.3392652643884 174.48065970388797 5.909836294822497 
6 1.4 539.1526950549786 194.2532990018392 0.10867803181617255 
7 1.6 521.0586115440639 210.6588858347487 1.367041015294515 
8 1.8 514.8636236359451 233.58785748054308 0.2311171946288389 
9 2.0 509.22838053218004 259.2690440529385 0.21382371736688097 
